-4
-11
-14
-13
-5
3
10
12
13
9
7
6
3
5
9
12
13
9
3
-2
-5
-6
-5
-4
-1
6
13
13
13
9
7
5
4
7
9
15
18
22
24
20
18
13
12
9
1
-6
-9
-10
-12
-10
-10
-8
-4
-3
-2
1
3
1
-3
-2
-1
2
4
6
5
3
1
1
-2
-4
-11
-15
-16
-17
-15
-10
-3
3
7
12
13
16
14
13
12
7
3
-3
-6
-7
-5
-3
-1
1
3
1
-1
-2
-3
-5
-6
-7
-8
-7
-5
-2
-4
-7
-10
-10
-14
-16
-18
-18
-18
-20
-22
-22
-21
-16
-11
-8
-5
-5
-5
-4
-2
-3
-3
-4
-5
-8
-8
-7
-7
-6
-7
-9
-11
-13
-16
-20
-21
-20
-18
-18
-11
-7
-4
-2
0
-1
-8
-11
-12
-14
-16
-12
-9
-8
-7
-10
-14
-14
-11
-9
-6
-5
-3
-2
-4
-2
-2
-3
-4
-5
-2
1
4
-1
-4
-8
-9
-12
-18
-20
-17
-15
-15
-17
-16
-14
-12
-12
-12
-8
-4
-3
-4
-7
-10
-12
-12
-10
-10
-10
-13
-11
-13
-14
-15
-12
-9
-7
-5
0
3
0
-1
-2
-1
2
3
4
4
2
2
-2
-7
-12
-10
-5
-2
1
-2
-2
-4
-7
-8
-9
-7
-4
-4
-4
-5
-5
-8
-10
-10
-8
-11
-13
-11
-9
-9
-14
-22
-23
-21
-17
-12
-9
-4
2
5
2
-5
-10
-11
-7
-6
-5
-7
-7
-2
1
5
11
13
14
11
12
11
7
4
-2
0
3
6
6
5
8
6
5
1
2
2
5
10
9
10
9
9
8
4
7
7
12
16
13
12
7
3
-3
-6
-5
-4
5
12
13
10
7
4
-1
-8
-15
-15
-12
-7
-6
-6
-6
-7
-10
-13
-13
-11
-8
-11
-13
-16
-14
-8
-6
-1
2
6
12
13
13
10
6
-1
-4
-5
-6
-8
-9
-9
-6
-2
-2
1
2
4
5
1
-6
-14
-14
-14
-11
-8
-5
-2
0
-2
-12
-19
-23
-23
-19
-16
-9
-3
7
10
7
-2
-11
-21
-25
-26
-22
-17
-14
-10
-8
-8
-8
-7
-8
-8
-7
-8
-8
-11
-14
-12
-11
-9
-7
-3
4
10
11
3
-6
-9
-11
-12
-16
-16
-10
-6
-6
-7
-11
-11
-13
-10
-6
-7
-7
-11
-11
-10
-8
-6
-5
-6
-3
-2
-4
-5
-7
-8
-8
-8
-7
-3
2
9
10
9
-3
-10
-11
-12
-10
-5
1
3
-1
-5
-10
-15
-14
-12
-8
-6
-6
-6
-12
-17
-21
-18
-16
-15
-7
-2
5
4
-1
-9
-13
-11
-8
-4
-2
3
7
7
2
-2
-3
-1
2
6
8
13
16
18
17
12
7
3
0
-1
-4
-3
-5
-7
-4
-3
2
6
11
12
13
13
8
4
-1
-1
1
6
11
12
14
10
4
4
1
4
6
10
11
7
4
-4
-6
-4
1
7
8
12
9
5
0
-11
-15
-14
-7
0
2
8
9
11
9
3
-1
-3
2
2
4
3
6
12
12
13
12
11
10
4
-4
-7
-9
-8
-7
-5
-4
2
11
16
16
14
10
-1
-7
-14
-14
-7
-3
1
1
1
2
1
-1
-1
4
11
13
8
2
-1
-3
-2
-3
-6
-6
-1
-1
-1
-1
-4
-8
-7
-3
2
5
5
6
3
-3
-4
-11
-15
-17
-13
-10
-6
-2
-2
-3
-2
-5
-7
-9
-5
-5
-8
-10
-11
-11
-10
-8
-7
-5
-3
-2
-3
-7
-10
-13
-15
-11
-9
-9
-5
-1
1
2
2
4
2
7
8
8
-2
-9
-9
-11
-10
-9
-8
-7
-6
-6
-7
-5
-8
-9
-9
-10
-11
-12
-11
-9
-9
-6
-3
-2
-5
-8
-7
-8
-13
-17
-21
-21
-20
-18
-20
-16
-12
-6
-2
-3
-6
-8
-11
-12
-15
-15
-6
-2
1
-5
-11
-19
-19
-19
-18
-12
-7
1
5
3
3
-1
-1
-3
0
2
2
3
-2
-4
-8
-12
-13
-20
-23
-24
-22
-20
-19
-18
-17
-9
-3
6
9
9
10
7
2
-6
-14
-17
-18
-19
-18
-16
-17
-19
-20
-19
-15
-11
-6
3
6
7
1
-7
-9
-11
-8
-4
-1
4
7
9
7
-5
-15
-20
-20
-19
-19
-15
-12
-7
-5
-6
-8
-4
-1
-1
-1
-4
-4
-6
-9
-8
-10
-5
-6
-8
-10
-12
-12
-15
-18
-20
-19
-13
-9
-4
1
2
6
8
8
6
0
-4
-8
-10
-10
-9
-9
-9
-8
-7
-1
0
-2
-2
-6
-9
-10
-10
-5
1
7
12
11
9
5
0
-8
-15
-21
-21
-17
-15
-13
-8
-5
-1
-1
1
6
12
16
16
12
4
1
-3
-3
-4
-3
0
-1
-7
-14
-13
-14
-14
-10
-5
-2
-3
-4
-3
-2
1
-1
-3
-3
-3
-2
-6
-11
-16
-17
-13
-4
4
6
11
14
9
4
-2
-8
-10
-11
-11
-10
-5
0
4
7
-1
-10
-16
-16
-14
-12
-7
1
5
6
4
2
-3
-1
4
8
9
7
7
6
7
5
3
2
0
-1
-2
-2
0
0
-3
-3
-6
-7
-5
-5
-5
-6
-5
-1
0
-3
-3
1
3
1
-2
-1
1
1
2
0
0
-1
-2
-5
-13
-13
-8
-6
-5
-7
-7
-5
-2
-2
-6
-8
-10
-10
-7
-3
-2
0
1
-1
-7
-12
-16
-15
-11
-9
-8
-6
-4
-4
-7
-8
-7
-5
-4
-5
-5
-3
-3
-4
-7
-6
-4
-2
1
-1
-3
-4
-5
-7
-11
-9
-5
-6
-5
-6
-4
-3
-3
-1
4
2
-4
-5
-8
-11
-13
-16
-20
-17
-10
-6
-3
-1
-3
-2
-3
-8
-13
-18
-17
-14
-9
-5
-5
-5
-7
-8
-12
-14
-13
-9
-3
-2
-5
-6
-9
-10
-8
-6
-3
0
2
2
2
-2
-5
-8
-10
-6
-3
1
4
10
11
11
8
1
-2
0
-2
-2
-3
1
2
5
9
11
12
9
8
6
1
1
-4
-4
-7
-7
-8
-8
-8
-8
-5
-4
-9
-10
-7
-2
-2
-3
-4
-6
-5
-6
-7
-5
-3
3
1
0
-4
-12
-14
-19
-19
-17
-12
-7
-6
-4
-7
-7
-9
-15
-15
-14
-9
-12
-13
-11
-11
-9
-11
-9
-9
-8
-4
-3
-3
-5
-7
-5
-5
-4
0
3
10
8
4
-1
-6
-8
-10
-15
-14
-11
-5
1
6
2
-1
-5
-9
-11
-15
-13
-12
-14
-14
-12
-11
-12
-9
-9
-4
1
-3
-3
-2
0
0
-3
1
0
5
6
6
6
3
5
6
7
8
6
6
8
10
11
9
8
7
4
1
-3
-5
-7
-10
-13
-11
-7
-2
2
4
6
6
1
-5
-8
-13
-14
-15
-16
-11
-9
-5
-5
-7
-10
-13
-12
-8
-5
2
4
2
-1
-5
-11
-17
-20
-18
-16
-16
-18
-23
-25
-21
-18
-18
-19
-19
-18
-19
-26
-29
-30
-28
-21
-16
-12
-12
-10
-9
-11
-12
-15
-16
-17
-17
-19
-19
-19
-18
-13
-8
-3
2
5
8
8
4
3
-2
-4
-8
-10
-3
0
4
8
13
14
11
8
0
-3
-5
0
6
13
20
21
21
16
8
7
4
6
9
8
7
7
2
3
5
8
9
11
13
14
12
4
2
3
-1
-2
2
6
9
8
6
4
1
-1
-1
1
3
5
6
4
1
6
3
3
5
4
-5
-12
-15
-20
-27
-30
-31
-30
-29
-27
-24
-24
-23
-25
-28
-33
-33
-30
-32
-26
-25
-23
-23
-22
-18
-19
-15
-14
-13
-17
-24
-30
-34
-31
-31
-24
-16
-10
-5
-1
-1
-6
-11
-15
-13
-11
-5
-3
-1
0
2
4
3
9
13
16
18
15
14
7
4
4
11
21
28
36
39
38
36
33
33
36
44
49
55
55
54
56
57
55
49
46
52
61
67
66
61
54
46
43
37
33
34
36
37
31
24
15
9
10
10
7
5
6
1
-7
-14
-18
-22
-28
-35
-37
-39
-40
-38
-43
-51
-60
-63
-64
-65
-64
-68
-68
-69
-68
-70
-73
-73
-73
-72
-75
-76
-82
-84
-84
-85
-79
-74
-69
-66
-64
-59
-55
-53
-53
-57
-56
-51
-47
-42
-38
-34
-31
-27
-27
-24
-19
-15
-9
-4
1
1
2
3
7
16
22
27
34
42
49
52
53
56
60
66
72
78
83
87
95
100
101
101
101
103
102
104
111
117
119
119
122
127
131
129
125
123
123
116
110
106
106
107
106
99
90
79
70
60
51
40
26
12
-4
-19
-30
-40
-50
-61
-71
-86
-105
-120
-135
-147
-157
-171
-182
-192
-196
-198
-196
-188
-182
-175
-172
-169
-165
-168
-167
-161
-155
-147
-141
-133
-123
-109
-101
-97
-93
-88
-83
-78
-71
-64
-59
-56
-53
-48
-41
-34
-32
-29
-23
-23
-24
-25
-25
-20
-11
-3
4
10
18
28
38
44
43
46
50
56
61
70
77
85
96
97
100
103
106
108
107
110
111
114
116
123
135
149
165
172
180
183
180
182
179
177
181
186
188
189
190
192
195
192
186
175
161
146
125
103
72
39
3
-30
-53
-78
-99
-116
-134
-145
-159
-170
-175
-176
-172
-165
-156
-147
-139
-133
-127
-126
-121
-112
-104
-91
-79
-70
-59
-47
-35
-25
-22
-24
-21
-22
-24
-32
-42
-51
-64
-77
-89
-100
-110
-125
-140
-154
-159
-165
-171
-177
-178
-173
-165
-160
-157
-154
-150
-147
-141
-135
-128
-116
-101
-91
-82
-67
-53
-41
-30
-23
-13
-8
-2
2
-4
-7
-8
-9
-13
-13
-12
-12
-13
-15
-12
-8
-2
1
7
18
31
46
58
67
80
89
95
101
104
110
110
116
124
130
142
152
164
173
182
189
196
206
212
214
221
226
232
237
245
250
252
255
256
256
245
221
191
176
161
134
94
52
27
5
-21
-50
-77
-93
-114
-130
-140
-155
-162
-167
-170
-176
-179
-171
-159
-154
-159
-162
-150
-141
-136
-132
-125
-106
-89
-75
-64
-56
-44
-38
-36
-35
-33
-28
-29
-40
-56
-63
-66
-70
-80
-89
-89
-87
-86
-85
-93
-97
-106
-110
-112
-109
-101
-99
-98
-99
-99
-93
-88
-81
-76
-69
-54
-41
-35
-29
-22
-14
-6
4
9
12
13
9
3
-5
-10
-10
-5
-3
1
12
25
35
39
41
49
59
67
69
75
83
94
106
115
126
133
142
153
161
171
183
196
205
210
219
235
252
264
282
300
318
332
334
333
327
327
314
288
253
219
190
136
75
16
-30
-58
-103
-142
-177
-204
-225
-238
-244
-251
-252
-240
-228
-220
-210
-191
-176
-167
-160
-141
-115
-100
-96
-89
-84
-74
-60
-52
-45
-41
-34
-27
-30
-34
-41
-44
-57
-74
-80
-82
-81
-93
-105
-119
-131
-140
-151
-159
-168
-169
-162
-159
-157
-157
-152
-149
-147
-133
-117
-102
-92
-86
-77
-75
-71
-74
-83
-89
-89
-81
-80
-76
-75
-74
-70
-69
-67
-64
-59
-56
-54
-46
-36
-24
-14
-8
4
16
29
41
49
58
66
76
84
89
97
108
115
122
133
146
157
162
171
186
208
228
243
256
264
276
293
313
335
356
376
398
423
429
419
386
349
329
299
243
171
102
47
-6
-67
-121
-166
-205
-225
-240
-243
-240
-239
-230
-225
-213
-187
-159
-147
-145
-135
-115
-98
-93
-89
-84
-72
-53
-34
-15
-1
9
12
8
8
9
6
-2
-21
-34
-37
-42
-57
-81
-103
-116
-125
-138
-152
-167
-181
-189
-190
-191
-185
-180
-181
-180
-174
-167
-162
-164
-169
-161
-140
-118
-101
-94
-93
-92
-90
-88
-91
-96
-103
-110
-114
-118
-117
-114
-115
-115
-107
-94
-76
-58
-44
-34
-19
-6
6
13
23
32
48
64
71
84
97
104
104
103
115
128
132
133
144
168
191
209
226
244
267
294
319
341
359
381
393
410
429
449
469
479
475
434
381
361
326
261
156
61
15
-46
-130
-205
-248
-284
-314
-309
-293
-275
-256
-226
-201
-182
-147
-104
-78
-90
-91
-57
-28
-34
-45
-47
-45
-36
-27
-18
-16
-22
-12
-2
-5
-9
-6
-13
-35
-42
-34
-31
-52
-77
-85
-89
-105
-117
-125
-139
-150
-156
-154
-157
-170
-174
-174
-180
-181
-168
-164
-180
-196
-193
-176
-168
-168
-166
-167
-168
-161
-151
-153
-159
-160
-155
-147
-141
-132
-119
-120
-124
-110
-84
-61
-49
-36
-24
-7
15
28
35
35
40
61
74
77
77
84
85
82
88
103
111
104
102
120
158
185
205
227
250
289
328
362
385
402
429
450
462
475
493
513
530
546
550
510
437
379
330
255
125
-4
-89
-151
-232
-307
-340
-353
-360
-347
-313
-267
-224
-183
-149
-120
-81
-28
6
1
-12
10
31
10
-21
-34
-35
-40
-52
-47
-34
-31
-33
-39
-40
-47
-44
-46
-69
-87
-85
-67
-64
-79
-86
-73
-62
-62
-65
-61
-68
-81
-87
-97
-114
-136
-164
-183
-201
-210
-213
-223
-241
-246
-225
-211
-209
-212
-201
-186
-172
-161
-152
-144
-146
-138
-126
-120
-112
-105
-104
-106
-93
-69
-58
-50
-42
-23
-3
7
16
20
22
22
22
28
31
33
42
55
71
88
107
124
142
152
168
191
213
232
251
273
304
337
367
393
422
460
489
508
519
530
540
556
566
577
578
517
413
333
276
187
29
-132
-241
-283
-335
-399
-414
-400
-371
-309
-243
-169
-98
-39
3
39
68
101
100
48
-13
-24
-21
-58
-106
-134
-137
-124
-119
-118
-105
-95
-80
-67
-58
-51
-51
-54
-84
-95
-70
-48
-39
-47
-38
-6
16
22
13
-2
-27
-44
-62
-96
-147
-208
-257
-299
-317
-325
-334
-341
-343
-308
-271
-242
-220
-205
-180
-159
-135
-120
-121
-125
-132
-131
-123
-121
-119
-120
-121
-109
-85
-67
-69
-72
-66
-48
-37
-37
-41
-40
-28
-12
4
19
22
41
68
90
108
126
148
161
167
173
187
206
205
226
254
293
336
365
397
423
458
490
513
526
528
552
566
584
612
621
538
406
328
284
179
-24
-216
-313
-363
-411
-452
-435
-408
-363
-271
-171
-83
-8
52
79
93
124
143
97
-18
-96
-103
-108
-161
-212
-232
-226
-191
-153
-128
-117
-108
-85
-64
-45
-40
-43
-68
-98
-77
-36
-15
-16
-13
18
50
74
79
67
28
-20
-58
-97
-153
-228
-302
-360
-389
-392
-390
-387
-378
-335
-265
-204
-163
-138
-115
-103
-97
-86
-87
-112
-142
-155
-148
-139
-143
-151
-152
-136
-101
-72
-62
-67
-69
-62
-45
-34
-27
-20
-15
6
41
75
89
90
99
126
159
172
166
161
168
188
207
217
222
242
276
311
357
404
448
474
502
534
569
589
602
622
648
676
683
610
447
330
289
189
-28
-255
-354
-362
-385
-438
-406
-337
-270
-151
-19
81
133
175
192
169
150
136
82
-49
-154
-145
-133
-186
-247
-235
-180
-140
-94
-61
-60
-76
-86
-88
-106
-124
-128
-139
-160
-121
-28
26
38
65
138
210
225
188
136
85
17
-72
-176
-285
-369
-419
-465
-482
-454
-406
-374
-345
-282
-192
-128
-115
-117
-99
-86
-92
-114
-148
-173
-178
-173
-172
-168
-160
-151
-143
-133
-112
-100
-110
-132
-133
-111
-103
-108
-113
-97
-61
-19
20
44
69
94
117
130
129
130
127
124
135
149
162
179
200
237
281
320
352
394
437
467
494
514
538
553
567
589
619
637
580
395
260
234
169
-46
-312
-429
-398
-394
-456
-430
-340
-256
-162
-39
72
112
133
141
109
88
63
-6
-146
-263
-248
-194
-236
-300
-282
-208
-157
-124
-99
-100
-118
-121
-123
-133
-169
-195
-202
-203
-146
-41
26
55
103
192
267
268
221
127
35
-45
-137
-249
-379
-473
-498
-499
-497
-455
-402
-359
-303
-219
-132
-92
-100
-116
-124
-125
-141
-175
-213
-235
-213
-176
-163
-167
-160
-142
-125
-114
-110
-120
-140
-158
-159
-150
-146
-147
-142
-118
-71
-17
15
32
57
93
123
132
122
107
112
127
138
143
150
169
201
241
285
323
365
387
417
460
489
501
508
513
544
594
629
640
624
468
283
232
205
26
-251
-432
-417
-370
-434
-453
-335
-249
-145
-22
104
144
145
146
116
69
24
-39
-163
-287
-299
-217
-222
-288
-261
-180
-111
-82
-65
-73
-128
-151
-146
-152
-194
-212
-185
-147
-86
22
115
129
159
235
290
268
180
78
-24
-111
-191
-292
-407
-500
-502
-464
-445
-402
-343
-295
-243
-176
-116
-106
-143
-167
-166
-159
-174
-213
-242
-251
-214
-161
-143
-141
-131
-111
-97
-96
-110
-135
-168
-185
-173
-157
-152
-154
-135
-92
-33
22
45
60
79
106
126
131
124
108
102
111
126
147
159
174
199
238
286
339
373
379
412
461
491
509
529
542
574
606
631
650
585
368
229
212
138
-81
-348
-451
-377
-346
-419
-358
-243
-151
-48
65
151
161
132
110
50
-2
-62
-160
-279
-353
-292
-200
-242
-269
-192
-91
-43
-55
-69
-97
-143
-181
-194
-219
-242
-236
-183
-107
-13
113
179
208
260
313
319
231
85
-33
-116
-200
-318
-433
-510
-517
-460
-411
-374
-305
-242
-196
-151
-125
-114
-144
-192
-214
-210
-199
-223
-245
-224
-178
-125
-103
-110
-100
-88
-84
-97
-131
-164
-192
-207
-206
-196
-167
-146
-116
-65
-12
34
55
64
82
107
112
96
88
90
105
122
139
162
197
224
267
317
355
377
398
430
463
490
508
519
558
609
663
684
681
616
409
247
195
107
-128
-405
-479
-375
-303
-353
-295
-146
-11
100
172
188
172
132
87
-11
-106
-175
-251
-336
-366
-286
-193
-204
-202
-125
-27
-2
-41
-93
-144
-175
-221
-258
-277
-270
-215
-140
-30
84
194
254
291
331
336
288
175
34
-99
-198
-266
-365
-461
-498
-459
-392
-340
-308
-245
-186
-153
-139
-158
-189
-224
-256
-271
-270
-249
-236
-215
-162
-94
-43
-30
-42
-49
-55
-79
-127
-179
-220
-238
-234
-225
-200
-155
-110
-57
0
46
77
88
91
96
98
100
98
98
102
121
151
186
215
241
273
320
360
389
404
431
473
511
533
574
621
661
674
675
640
445
263
210
154
-59
-301
-371
-279
-231
-273
-221
-56
44
132
187
198
182
128
63
-48
-149
-189
-260
-333
-352
-276
-169
-166
-162
-101
-39
-19
-62
-119
-177
-212
-234
-265
-284
-262
-183
-88
14
124
241
311
319
323
327
280
164
3
-136
-222
-276
-349
-430
-454
-392
-299
-234
-209
-162
-115
-96
-110
-148
-192
-233
-274
-284
-272
-244
-215
-196
-136
-57
2
10
-12
-25
-32
-61
-113
-169
-208
-224
-216
-194
-174
-138
-92
-46
3
47
81
87
78
83
100
109
99
86
101
142
186
219
250
293
353
409
447
473
506
535
552
578
612
663
687
683
672
573
376
238
207
79
-165
-332
-294
-187
-159
-177
-45
100
193
248
275
238
176
97
-4
-148
-223
-278
-346
-393
-346
-229
-158
-147
-109
-38
4
-24
-86
-174
-237
-268
-296
-321
-297
-210
-109
-4
110
229
313
322
319
305
252
158
32
-95
-209
-269
-282
-331
-370
-348
-275
-209
-173
-155
-125
-126
-142
-164
-202
-249
-278
-292
-273
-244
-188
-151
-122
-63
-11
23
17
-16
-36
-60
-81
-118
-158
-181
-184
-159
-134
-117
-89
-59
-28
1
28
48
56
58
68
93
120
123
127
148
185
224
250
271
305
354
402
442
475
502
544
589
624
671
730
746
725
605
394
281
243
59
-177
-332
-272
-145
-118
-142
-3
165
268
296
283
250
186
79
-36
-166
-232
-292
-365
-365
-306
-188
-127
-147
-119
-64
-46
-101
-188
-255
-289
-308
-315
-300
-252
-160
-54
50
148
233
292
274
235
214
170
80
-67
-200
-238
-235
-253
-302
-322
-270
-198
-150
-162
-174
-171
-174
-188
-225
-258
-275
-285
-274
-230
-173
-133
-113
-81
-44
-19
-27
-62
-103
-116
-106
-116
-140
-159
-153
-123
-105
-92
-78
-62
-47
-29
-8
9
19
34
41
60
85
107
123
137
172
224
255
281
306
341
375
419
454
486
523
577
628
669
701
723
703
529
318
214
204
28
-205
-325
-223
-84
-13
-3
132
245
317
347
293
208
94
-14
-120
-216
-246
-263
-305
-291
-217
-100
-66
-106
-131
-126
-136
-200
-290
-363
-382
-338
-281
-230
-162
-63
38
121
180
219
220
159
112
78
37
-42
-163
-225
-219
-192
-206
-252
-254
-213
-171
-169
-208
-232
-239
-241
-248
-260
-243
-223
-195
-181
-140
-95
-81
-82
-90
-74
-54
-57
-78
-105
-103
-78
-71
-75
-86
-78
-67
-58
-56
-62
-59
-54
-38
-10
22
53
69
83
109
142
159
155
157
166
197
236
262
274
319
378
442
488
532
589
660
709
738
733
695
514
258
144
109
-50
-229
-308
-203
-42
79
114
249
326
356
353
274
168
53
-84
-179
-249
-218
-209
-221
-192
-148
-59
-31
-113
-193
-247
-261
-299
-354
-387
-364
-282
-193
-115
-23
60
112
136
145
142
122
50
-25
-48
-59
-124
-192
-205
-179
-185
-199
-233
-237
-209
-199
-228
-254
-261
-244
-244
-266
-251
-220
-188
-177
-165
-137
-116
-101
-110
-125
-104
-82
-69
-68
-60
-36
-22
-14
-24
-33
-39
-50
-52
-54
-48
-31
-16
3
36
73
105
115
120
134
145
155
161
181
211
252
299
348
396
446
492
544
586
634
661
673
649
548
298
114
66
19
-145
-277
-241
-71
108
172
227
328
350
344
288
189
83
-34
-117
-181
-172
-121
-119
-122
-105
-78
-31
-84
-182
-269
-314
-323
-332
-335
-312
-256
-155
-45
39
91
97
90
72
44
18
-22
-78
-99
-100
-143
-175
-178
-162
-200
-232
-235
-246
-233
-232
-252
-248
-234
-204
-192
-202
-183
-179
-180
-186
-198
-183
-181
-167
-152
-133
-82
-57
-33
-17
-3
16
11
4
-10
-18
-10
-15
-9
6
29
71
103
123
131
138
151
148
144
137
135
138
149
185
229
277
326
376
425
480
535
585
633
646
600
515
289
51
-55
-78
-189
-305
-280
-124
90
220
256
346
360
292
211
100
26
-76
-144
-158
-115
-15
30
12
13
-6
-1
-71
-202
-307
-371
-374
-343
-296
-215
-134
-64
8
50
100
93
36
-8
-28
-5
0
-40
-57
-66
-91
-180
-227
-244
-292
-348
-371
-362
-313
-246
-236
-211
-174
-140
-130
-167
-196
-211
-220
-224
-220
-183
-148
-123
-91
-75
-52
-55
-90
-111
-119
-109
-96
-80
-46
-11
41
73
89
114
122
125
130
146
153
158
177
194
203
216
219
203
212
234
246
260
285
329
370
427
493
547
622
610
483
218
-9
-57
-64
-160
-286
-229
-54
166
267
289
328
298
182
85
13
-47
-94
-162
-134
-60
59
91
35
-8
-73
-103
-173
-258
-304
-316
-286
-220
-133
-47
-7
-15
-32
-34
-25
-39
-68
-69
-45
8
47
72
70
35
-55
-194
-288
-321
-354
-403
-415
-353
-265
-156
-123
-138
-147
-184
-213
-251
-266
-259
-244
-200
-136
-67
-28
-40
-78
-117
-154
-183
-221
-225
-202
-156
-90
-28
33
67
72
60
45
48
59
82
107
145
213
267
302
310
300
266
248
234
217
240
262
283
315
380
441
501
546
561
555
494
285
-55
-150
-151
-132
-233
-225
-71
124
288
272
287
273
135
4
-66
-79
-47
-74
-60
-17
50
98
11
-89
-191
-253
-287
-323
-297
-224
-166
-100
-58
-5
11
-29
-91
-122
-115
-71
-44
24
102
154
168
124
80
-4
-135
-322
-433
-434
-385
-348
-301
-246
-198
-149
-165
-197
-234
-288
-322
-322
-268
-192
-134
-95
-75
-57
-60
-104
-144
-177
-193
-179
-162
-123
-86
-74
-68
-77
-70
-68
-60
-46
-24
39
112
180
233
256
256
251
251
254
262
261
266
287
328
360
382
389
396
411
439
459
441
416
382
299
-7
-178
-170
-87
-111
-150
-45
83
224
192
191
214
117
-24
-69
-38
26
45
21
24
16
1
-70
-165
-239
-283
-289
-263
-225
-144
-109
-101
-109
-114
-123
-140
-165
-144
-86
-14
51
96
146
138
95
35
-30
-74
-143
-245
-306
-300
-268
-247
-255
-258
-266
-266
-263
-273
-248
-235
-237
-213
-189
-143
-124
-136
-142
-140
-126
-120
-120
-107
-97
-87
-78
-80
-76
-84
-95
-91
-79
-47
-17
8
29
62
98
129
155
171
180
202
245
293
330
347
344
342
359
354
375
368
392
404
454
511
557
548
483
392
142
-194
-244
-175
-71
-95
-40
79
204
247
152
149
112
-57
-114
-45
84
190
166
121
65
-12
-111
-212
-277
-300
-273
-219
-167
-86
-54
-122
-199
-239
-233
-197
-161
-125
-31
58
105
117
115
78
5
-41
-45
-42
-65
-163
-227
-246
-250
-275
-305
-323
-320
-289
-264
-226
-192
-207
-237
-253
-231
-206
-183
-170
-150
-110
-88
-74
-71
-82
-94
-105
-102
-72
-49
-44
-48
-46
-42
-33
-13
3
19
36
71
119
161
181
200
220
230
267
306
327
357
389
406
412
430
431
419
432
447
472
487
443
407
357
192
-157
-213
-153
13
-15
-15
50
100
125
-4
33
57
-28
-60
-1
122
206
144
57
-6
-79
-160
-209
-224
-197
-181
-163
-158
-151
-146
-239
-279
-285
-246
-184
-121
-81
-19
14
20
17
11
20
9
13
30
41
-7
-151
-270
-307
-342
-341
-339
-338
-333
-320
-328
-326
-300
-307
-320
-297
-240
-177
-127
-122
-134
-141
-152
-151
-137
-123
-97
-83
-71
-58
-60
-81
-99
-93
-73
-42
4
35
49
61
78
88
118
156
201
240
284
330
341
342
344
341
361
371
396
405
423
454
468
496
480
417
362
275
32
-229
-156
-12
104
18
-21
-10
39
3
-58
26
47
-39
-33
64
139
159
48
-44
-76
-101
-110
-67
-71
-77
-117
-144
-186
-191
-222
-281
-287
-248
-194
-131
-97
-116
-103
-100
-82
-36
10
40
55
44
38
-34
-142
-228
-240
-231
-229
-226
-252
-292
-324
-370
-380
-348
-341
-330
-295
-263
-226
-216
-222
-216
-209
-175
-131
-83
-49
-44
-53
-74
-72
-67
-79
-76
-49
-31
-8
13
21
20
15
27
57
113
173
212
238
266
273
303
321
369
403
424
461
471
489
499
504
508
513
478
426
343
213
-130
-163
-53
92
80
0
-48
-72
-75
-137
-72
34
-17
-75
0
71
140
72
-25
-64
-79
-98
-44
-20
-52
-115
-186
-220
-229
-200
-243
-260
-248
-226
-213
-180
-195
-183
-157
-140
-69
-2
43
40
12
-21
-114
-161
-163
-152
-135
-164
-200
-242
-285
-330
-348
-337
-316
-314
-325
-318
-314
-313
-307
-296
-270
-240
-190
-155
-135
-105
-97
-97
-79
-55
-32
-12
8
25
22
23
31
38
56
83
102
129
152
173
180
203
235
250
281
327
365
396
429
444
460
489
526
551
588
573
502
410
354
158
-50
4
93
189
83
-28
-91
-110
-135
-170
-45
37
-13
-6
9
75
89
2
-31
-19
-3
19
61
19
-41
-110
-161
-165
-141
-126
-157
-184
-200
-216
-214
-213
-212
-169
-137
-88
-36
-23
-16
-32
-65
-122
-163
-131
-101
-90
-109
-162
-219
-266
-283
-295
-263
-240
-254
-284
-314
-321
-328
-311
-281
-255
-219
-191
-172
-166
-157
-144
-138
-104
-53
-19
-3
6
15
10
13
32
60
98
129
141
144
151
158
168
182
227
262
288
300
322
343
365
403
434
467
511
530
565
583
549
494
437
292
44
76
168
254
175
27
-51
-89
-96
-137
-41
28
-49
-89
-93
-48
-2
-54
-71
-38
-9
3
59
32
-33
-85
-123
-105
-79
-80
-120
-159
-199
-231
-220
-197
-205
-185
-180
-141
-104
-97
-103
-121
-194
-238
-172
-115
-102
-127
-186
-229
-244
-251
-257
-220
-209
-256
-279
-302
-314
-304
-319
-309
-281
-270
-260
-248
-254
-251
-221
-191
-147
-85
-61
-58
-43
-42
-25
17
44
66
98
119
139
164
178
205
228
255
275
294
303
314
330
342
363
382
423
458
485
493
507
498
465
415
381
185
72
144
215
229
85
-11
-77
-67
-83
-106
8
-6
-90
-118
-120
-50
-51
-110
-103
-44
-24
4
50
6
-19
-53
-57
-21
8
-10
-71
-110
-154
-179
-160
-158
-152
-140
-151
-135
-117
-122
-110
-131
-214
-221
-169
-130
-115
-139
-196
-234
-241
-246
-221
-182
-206
-250
-281
-314
-298
-292
-307
-288
-280
-287
-274
-257
-252
-231
-211
-194
-151
-102
-86
-72
-61
-48
-5
38
63
88
103
110
134
155
188
241
254
252
273
296
312
348
354
382
417
456
477
517
540
546
539
488
479
472
385
152
126
198
284
214
79
6
-13
-39
-92
-41
51
2
-105
-156
-121
-35
-59
-100
-69
-47
-41
-20
-13
-7
-20
-51
-47
-11
30
0
-57
-117
-147
-141
-141
-134
-117
-121
-137
-145
-141
-122
-96
-161
-229
-202
-154
-122
-150
-191
-234
-263
-252
-242
-186
-166
-207
-261
-310
-304
-267
-260
-260
-252
-278
-294
-288
-277
-247
-229
-223
-208
-169
-130
-115
-104
-97
-76
-46
-24
10
39
58
82
109
143
195
232
235
249
277
311
337
361
370
374
395
422
472
510
531
513
464
428
422
427
273
158
171
240
236
134
55
13
5
-84
-116
-24
8
-46
-140
-171
-109
-72
-94
-96
-49
-47
-52
-50
-45
-8
-22
-57
-58
-18
4
-5
-38
-69
-78
-88
-104
-87
-67
-82
-106
-131
-135
-94
-98
-156
-213
-226
-199
-182
-192
-207
-223
-256
-285
-278
-225
-190
-207
-258
-305
-296
-268
-257
-240
-237
-250
-272
-284
-256
-208
-176
-169
-166
-146
-120
-95
-87
-75
-53
-42
-30
-1
41
69
83
93
121
171
209
230
246
265
285
299
316
348
392
426
452
477
517
544
515
477
459
454
404
232
156
204
281
238
134
63
21
-20
-111
-105
17
36
-36
-143
-179
-121
-99
-104
-80
-30
-25
-51
-53
-27
28
38
-7
-22
6
36
44
18
-11
-16
-43
-78
-67
-31
-13
-32
-87
-118
-105
-124
-194
-229
-213
-190
-198
-232
-251
-255
-279
-310
-294
-241
-200
-207
-255
-284
-273
-263
-255
-225
-199
-194
-215
-242
-227
-191
-174
-180
-174
-151
-123
-106
-98
-71
-38
-33
-30
-8
40
86
113
125
152
183
207
219
238
272
309
326
337
362
403
441
478
503
533
522
495
460
447
408
280
214
206
251
231
155
80
33
-32
-128
-152
-101
-72
-83
-149
-188
-166
-172
-173
-153
-111
-77
-66
-76
-52
-9
22
8
2
10
30
48
36
40
49
23
-15
-43
-34
-9
7
-18
-32
-42
-78
-156
-227
-248
-226
-220
-230
-241
-244
-270
-307
-331
-301
-256
-234
-241
-250
-243
-245
-256
-259
-246
-218
-207
-203
-189
-152
-129
-135
-149
-153
-138
-121
-106
-80
-48
-30
-31
-30
-13
24
65
93
130
173
202
216
223
246
282
316
338
369
411
451
481
507
526
526
503
470
452
401
310
246
251
261
241
193
153
115
46
-67
-105
-122
-119
-147
-172
-184
-165
-185
-198
-206
-189
-178
-171
-167
-124
-69
-19
-12
-4
-4
5
3
4
29
74
80
75
44
38
33
20
-8
-13
-16
-27
-86
-138
-166
-173
-196
-227
-248
-254
-267
-293
-311
-297
-281
-278
-292
-301
-287
-272
-263
-246
-218
-195
-194
-204
-200
-169
-136
-122
-113
-97
-79
-74
-70
-63
-38
-25
-20
-15
1
29
60
80
106
132
157
168
185
206
241
270
293
318
354
388
425
452
484
494
493
469
459
436
373
304
268
255
237
210
181
168
144
70
-6
-53
-101
-136
-180
-216
-212
-218
-219
-215
-203
-193
-194
-205
-214
-203
-170
-148
-107
-72
-28
4
14
23
36
42
39
33
32
37
55
61
77
87
84
46
-17
-79
-129
-172
-210
-239
-246
-254
-267
-285
-284
-271
-273
-292
-316
-329
-328
-330
-317
-285
-239
-205
-185
-173
-158
-146
-141
-148
-144
-131
-111
-89
-61
-21
16
41
49
48
51
54
61
74
99
125
149
167
186
211
233
249
265
278
291
305
325
353
390
417
433
445
454
452
418
357
305
269
223
187
152
150
147
127
84
67
33
-6
-74
-135
-175
-201
-240
-258
-263
-240
-222
-208
-201
-183
-164
-162
-165
-158
-149
-130
-122
-102
-72
-31
-7
21
38
61
73
69
58
59
49
35
-3
-29
-49
-61
-93
-123
-145
-156
-182
-208
-232
-236
-249
-265
-286
-299
-303
-302
-299
-278
-248
-216
-197
-183
-172
-152
-139
-132
-122
-107
-92
-85
-75
-56
-33
-9
2
21
41
57
66
77
96
118
134
140
147
165
180
193
207
227
247
261
268
282
302
329
348
361
380
395
414
415
405
382
350
322
282
243
212
193
172
141
108
93
72
42
-1
-41
-79
-119
-171
-209
-227
-232
-234
-234
-227
-211
-197
-186
-175
-162
-150
-138
-136
-129
-113
-93
-79
-67
-51
-28
-12
3
14
34
44
48
36
18
-11
-36
-70
-102
-128
-148
-160
-172
-183
-184
-188
-195
-206
-218
-229
-240
-254
-260
-257
-254
-247
-233
-216
-194
-170
-152
-134
-113
-100
-88
-81
-68
-54
-42
-36
-29
-13
9
33
59
85
114
132
142
146
147
150
152
155
159
170
183
200
219
243
267
288
301
318
334
349
362
365
365
349
327
309
287
264
242
217
197
165
136
111
100
76
47
8
-25
-61
-99
-138
-163
-179
-195
-210
-221
-224
-216
-205
-192
-178
-166
-149
-138
-134
-126
-115
-106
-102
-99
-90
-75
-59
-37
-14
13
33
42
34
21
4
-18
-43
-69
-94
-116
-136
-157
-176
-179
-183
-187
-189
-191
-196
-205
-218
-231
-240
-246
-248
-242
-226
-206
-183
-164
-143
-125
-104
-90
-74
-55
-33
-17
-7
2
12
21
32
43
59
76
92
105
121
140
153
164
174
184
196
208
214
223
235
249
264
278
297
327
351
369
382
385
371
348
322
299
268
246
212
190
162
129
96
79
57
44
19
0
-31
-62
-105
-143
-176
-203
-229
-248
-260
-259
-251
-238
-223
-201
-182
-162
-145
-133
-117
-105
-96
-90
-87
-79
-70
-60
-43
-17
8
23
32
36
34
26
11
-14
-42
-70
-97
-130
-157
-179
-191
-201
-210
-218
-223
-226
-229
-234
-241
-246
-248
-251
-252
-246
-234
-217
-199
-180
-159
-136
-107
-74
-41
-5
20
37
45
56
62
65
66
71
81
90
96
104
142
174
177
169
193
230
228
218
221
269
307
261
211
261
376
357
281
349
475
479
322
238
350
412
266
76
139
282
183
-53
-46
177
165
-95
-194
19
126
-111
-301
-158
29
-190
-503
-388
-133
-173
-467
-407
-29
8
-255
-369
-41
182
-147
-382
-110
178
2
-315
-96
304
201
-162
-171
232
285
-155
-272
117
293
-69
-365
-23
266
-53
-460
-356
54
-103
-595
-556
-60
26
-432
-575
-62
128
-296
-628
-299
120
-192
-643
-405
149
77
-421
-336
298
346
-130
-339
162
443
-5
-377
34
520
227
-282
-20
577
422
-130
-186
387
477
-44
-249
340
690
280
-133
324
788
459
-41
89
666
561
22
16
634
780
246
-25
525
718
224
-250
26
419
58
-446
-278
321
266
-280
-325
280
255
-280
-619
-194
22
-464
-851
-467
61
-112
-577
-313
293
153
-319
-408
197
254
-263
-484
43
392
54
-318
128
561
252
-208
-103
446
252
-294
-357
184
270
-207
-456
96
255
-200
-625
-342
67
-309
-777
-596
-42
-115
-575
-553
102
92
-360
-629
-141
97
-363
-693
-286
208
15
-370
-60
558
384
-66
-162
402
393
-134
-349
162
446
90
-230
259
681
350
-82
38
582
374
-128
-150
439
527
94
-69
564
770
366
15
371
810
455
21
181
714
556
53
38
631
528
24
-278
173
346
-139
-488
-112
298
-8
-467
-229
291
3
-507
-638
-87
-145
-667
-840
-261
63
-277
-554
-10
443
109
-310
-169
396
146
-366
-387
241
323
-116
-262
397
587
172
-213
115
501
67
-420
-282
246
52
-466
-463
143
46
-437
-718
-204
-24
-502
-835
-432
23
-278
-706
-415
155
-93
-547
-617
12
-10
-476
-619
-4
319
-38
-321
222
618
250
-197
-72
468
186
-304
-302
342
420
-13
-134
537
694
268
-105
251
622
191
-249
-49
536
399
-36
78
780
729
322
115
676
845
308
-80
254
638
265
-214
48
573
287
-193
-268
332
254
-262
-485
22
198
-272
-646
-187
120
-307
-739
-575
-19
-258
-667
-582
97
161
-263
-351
310
407
-31
-378
6
359
-53
-438
-157
449
315
-85
45
697
553
64
-230
226
262
-303
-685
-318
53
-279
-670
-340
198
-87
-529
-590
-36
-170
-682
-879
-346
-155
-542
-784
-214
150
-165
-499
-268
275
18
-395
-351
247
225
-200
-285
346
422
24
-273
141
484
110
-232
31
554
355
-68
39
616
442
11
-187
350
453
52
-164
320
728
455
145
512
975
661
244
213
716
493
2
-155
383
506
114
-115
425
628
187
-240
-78
300
-101
-602
-599
-76
-172
-587
-613
27
64
-324
-600
-193
88
-298
-620
-344
138
-55
-396
-192
417
288
-50
-176
359
386
-21
-248
189
488
162
-156
213
588
242
-191
-194
262
29
-451
-572
-74
-7
-427
-636
-111
49
-360
-732
-496
-110
-456
-838
-705
-135
-203
-565
-509
141
135
-248
-472
-8
211
-191
-486
-140
331
109
-228
39
605
391
-21
-130
403
371
-83
-289
199
477
130
-152
297
681
347
-37
65
592
385
-23
-28
571
657
268
144
741
907
505
159
383
681
250
-157
-16
503
344
-64
-21
532
386
-80
-357
41
95
-437
-784
-449
-51
-325
-651
-337
214
-45
-466
-534
31
-38
-483
-651
-103
188
-137
-343
215
632
297
-96
11
497
224
-226
-244
349
383
-33
-151
452
534
58
-349
-97
177
-286
-710
-555
-27
-208
-631
-557
45
-94
-532
-782
-314
-211
-655
-902
-466
-13
-255
-552
-196
329
63
-334
-370
186
94
-320
-423
153
398
50
-166
353
643
232
-157
-11
465
171
-226
-173
437
444
49
-17
600
647
219
-94
278
603
218
-99
177
734
556
182
332
955
790
272
-6
438
505
47
-213
193
590
243
-190
62
479
121
-347
-460
23
-135
-573
-712
-158
30
-360
-603
-123
113
-267
-580
-341
168
-105
-446
-340
247
202
-167
-170
464
467
58
-193
239
506
100
-208
39
487
203
-215
-60
477
225
-231
-417
52
29
-467
-722
-329
-61
-455
-781
-405
43
-292
-670
-641
-102
-288
-697
-767
-197
-41
-394
-538
62
333
-16
-320
-85
337
14
-339
-235
347
302
-55
-46
549
514
116
-150
241
443
48
-229
56
498
270
-58
153
682
454
83
-14
505
503
130
-14
451
726
405
169
595
943
476
30
66
577
379
-34
-121
440
483
-32
-353
176
404
11
-457
-333
63
-165
-601
-653
-165
-91
-401
-555
-119
-14
-117
-371
-199
-58
-205
-363
-258
-7
10
0
147
416
210
27
34
278
165
-31
-131
183
317
82
-108
74
279
43
-274
-337
-28
-85
-357
-589
-402
-299
-391
-583
-418
-256
-303
-467
-499
-413
-410
-464
-499
-368
-305
-253
-147
21
-35
-105
-112
11
16
-79
-127
48
196
146
48
124
316
307
119
47
209
299
202
57
74
242
310
230
238
323
391
369
247
198
276
372
368
339
342
473
604
606
387
215
245
378
337
219
210
305
257
15
-156
-30
189
180
-25
-177
-170
-201
-365
-477
-392
-242
-225
-309
-369
-329
-215
-172
-191
-240
-245
-165
-122
-160
-171
-58
74
99
27
-30
119
262
226
115
79
124
161
69
-13
35
94
57
-64
-151
-123
-59
-117
-234
-328
-336
-319
-326
-416
-445
-422
-391
-419
-495
-505
-355
-252
-275
-371
-374
-242
-129
-210
-291
-201
-54
-14
-102
-100
78
238
199
83
90
203
264
177
81
151
255
281
224
189
279
399
395
312
242
291
356
353
230
208
312
405
400
344
369
556
614
485
177
141
308
431
340
190
187
248
135
-57
-34
226
336
130
-172
-279
-186
-168
-252
-295
-233
-228
-305
-406
-394
-246
-95
-117
-212
-322
-270
-142
-132
-218
-203
-95
-4
-43
-86
-2
184
187
79
25
102
207
203
51
-34
-63
-53
-47
-28
31
79
34
-100
-227
-260
-195
-147
-224
-407
-512
-514
-430
-384
-381
-316
-212
-235
-352
-444
-354
-202
-202
-377
-426
-280
-118
-98
-125
-29
169
197
87
2
90
193
157
12
-3
135
253
264
247
273
387
427
358
285
265
303
319
247
155
210
346
431
426
391
464
587
554
375
134
142
339
383
280
151
178
256
225
95
149
311
265
-8
-252
-239
-82
-86
-280
-334
-261
-182
-226
-286
-294
-203
-182
-275
-363
-373
-273
-195
-281
-371
-261
-80
0
-71
-143
-49
77
32
-87
-75
29
75
8
-105
-58
2
17
50
59
81
71
-31
-122
-190
-187
-144
-125
-250
-372
-380
-298
-233
-270
-358
-282
-211
-265
-410
-453
-331
-216
-279
-413
-357
-181
-111
-175
-195
-58
101
40
-91
-123
13
103
66
-16
57
188
251
224
216
274
379
374
295
224
252
322
352
264
210
286
410
451
397
357
459
536
468
331
274
251
353
363
314
300
290
259
272
241
207
249
205
79
-60
-65
-29
-29
-209
-300
-184
-99
-152
-290
-308
-214
-163
-268
-388
-347
-235
-223
-324
-387
-290
-144
-145
-223
-243
-91
-22
-95
-191
-134
40
58
-81
-160
-67
-4
-41
-32
23
111
92
-34
-93
-85
-66
-58
-100
-193
-251
-246
-212
-188
-237
-269
-150
-98
-184
-330
-336
-230
-169
-313
-418
-333
-186
-172
-225
-207
-30
62
-35
-134
-90
34
50
-39
-104
5
118
143
129
163
262
349
326
263
229
283
328
301
188
166
273
396
410
375
391
497
524
435
320
343
373
273
271
283
378
327
231
226
337
355
252
176
127
90
59
-12
-80
-164
-205
-151
-58
-145
-233
-248
-118
-146
-252
-407
-330
-218
-260
-433
-436
-320
-184
-198
-272
-225
-84
-87
-190
-246
-160
-52
-68
-203
-204
-78
-44
-70
-25
27
106
58
-46
-100
-77
-50
-41
-90
-192
-187
-140
-98
-134
-181
-156
-25
-41
-184
-298
-226
-142
-173
-331
-340
-196
-86
-136
-186
-116
33
39
-81
-155
-69
23
0
-91
-82
34
132
139
115
154
263
306
252
169
165
265
311
238
154
215
351
432
374
328
427
515
460
327
282
378
408
236
208
326
439
390
245
248
378
402
238
154
125
136
97
22
-61
-118
-105
-68
5
-119
-215
-192
-89
-175
-334
-410
-279
-180
-298
-475
-397
-244
-189
-262
-316
-205
-87
-157
-259
-276
-155
-94
-147
-265
-217
-87
-65
-122
-73
7
93
23
-87
-126
-51
-6
-45
-124
-181
-131
-71
-93
-156
-174
-98
-29
-86
-231
-259
-160
-104
-205
-318
-271
-142
-89
-164
-202
-101
8
-30
-123
-157
-41
26
-31
-139
-95
13
92
84
72
143
267
265
200
143
197
284
284
175
139
246
364
370
322
319
446
489
394
285
309
420
442
259
104
296
450
433
244
187
329
470
255
97
132
220
139
-18
-114
-66
-39
-129
-120
-35
-69
-151
-257
-192
-215
-293
-360
-297
-270
-334
-398
-352
-274
-236
-222
-217
-262
-245
-197
-216
-178
-265
-205
-113
-113
-211
-220
-108
4
-3
-130
-45
97
-18
-179
-121
21
5
-198
-250
-63
26
-211
-287
-70
38
-109
-350
-158
59
-113
-388
-358
-35
-77
-405
-373
-23
127
-168
-298
58
232
-49
-317
-150
153
-13
-317
-134
280
297
-11
42
462
451
92
-62
262
466
112
-150
210
619
425
53
300
778
632
164
90
550
611
125
-53
308
609
382
71
429
705
404
44
160
469
251
-193
-174
280
330
-179
-339
201
337
-73
-433
-195
143
-201
-670
-524
4
-71
-529
-554
11
53
-384
-626
-187
112
-339
-690
-384
89
-86
-524
-350
279
161
-290
-400
144
205
-292
-449
15
339
-35
-442
-43
449
117
-339
-269
275
142
-401
-514
21
196
-253
-500
29
268
-133
-515
-287
189
-112
-569
-459
109
83
-358
-407
208
294
-127
-424
-13
281
-111
-439
-134
360
196
-196
-25
586
448
27
-102
425
494
45
-175
282
636
316
-27
359
842
537
137
134
669
520
64
-38
503
585
127
32
631
862
323
-94
166
678
219
-306
-187
436
329
-221
-310
331
372
-163
-491
-50
166
-349
-735
-427
83
-165
-627
-438
206
10
-473
-634
-95
-39
-485
-738
-273
84
-243
-554
-123
340
40
-351
-321
225
50
-402
-499
59
243
-107
-327
182
402
20
-318
-115
283
-71
-456
-380
150
61
-363
-381
248
248
-176
-485
-117
119
-312
-633
-364
119
-97
-481
-279
299
105
-280
-398
141
150
-315
-521
-39
319
-9
-303
127
576
261
-121
-71
487
312
-124
-195
378
513
120
-60
520
761
384
34
282
713
371
-17
86
660
600
197
157
658
677
366
129
453
522
78
-133
164
467
172
-179
69
551
216
-218
-326
178
67
-368
-609
-197
26
-324
-611
-191
170
-216
-564
-492
-18
-258
-683
-722
-106
-19
-425
-555
33
234
-163
-488
-197
240
-121
-495
-339
256
153
-255
-265
388
411
-28
-327
72
269
-138
-427
-145
300
53
-334
-126
389
131
-287
-398
87
38
-418
-645
-178
94
-240
-494
-58
275
-83
-447
-361
121
-106
-495
-480
99
152
-219
-316
286
435
59
-251
60
410
53
-289
-103
451
345
-14
73
690
614
220
-11
436
566
152
-113
237
656
407
92
391
896
647
251
137
491
447
143
21
423
481
130
14
496
639
231
-97
44
412
19
-415
-394
123
26
-326
-418
113
113
-317
-610
-265
-16
-446
-777
-561
-73
-247
-624
-489
152
34
-375
-561
-93
9
-392
-614
-208
195
-99
-402
-49
451
177
-195
-240
257
204
-220
-378
74
236
-103
-262
217
445
77
-304
-165
230
-89
-496
-443
64
28
-358
-420
153
172
-226
-494
-116
108
-310
-622
-364
116
-81
-450
-254
347
167
-218
-345
182
239
-178
-404
48
386
61
-230
190
658
356
-33
-23
512
354
-65
-141
433
580
197
10
561
801
411
65
304
754
421
38
95
551
452
146
197
799
625
128
-99
387
527
31
-310
1
439
104
-348
-157
406
94
-346
-489
11
-48
-573
-813
-305
40
-343
-691
-297
119
-214
-614
-587
-25
-183
-597
-652
-70
66
-311
-469
118
374
5
-345
-123
298
-17
-346
-234
277
201
-127
-92
482
372
-66
-300
138
283
-159
-454
-160
265
-27
-394
-141
394
81
-352
-477
35
-18
-484
-675
-167
111
-274
-560
-94
306
-46
-424
-332
206
-36
-457
-481
132
239
-132
-265
332
500
101
-229
56
436
90
-250
-103
463
364
-18
43
670
604
220
1
446
590
176
-80
280
722
462
119
404
868
452
115
142
733
560
-31
-256
336
574
121
-142
337
632
134
-342
-229
303
-27
-557
-575
-6
22
-446
-632
-77
65
-329
-668
-380
-74
-460
-785
-607
-49
-127
-472
-405
171
57
-291
-442
17
135
-236
-450
-83
299
41
-227
115
551
203
-125
-121
375
180
-264
-369
192
351
-60
-287
185
408
-33
-407
-235
233
-117
-554
-544
2
-9
-399
-472
118
180
-243
-550
-214
70
-296
-594
-372
144
-6
-351
-211
360
215
-136
-273
189
239
-164
-357
51
397
129
-110
256
665
354
12
42
529
353
-26
-80
440
550
184
39
597
824
441
121
345
752
390
-148
-53
614
708
268
46
539
641
227
-168
148
490
186
-319
-386
42
115
-183
-286
81
-34
-228
-529
-336
-299
-395
-537
-407
-298
-388
-444
-235
-73
-315
-402
-270
-22
-231
-463
-478
-40
42
-162
-231
158
350
83
-213
-96
307
210
-106
-204
140
288
125
-93
109
266
151
-68
-77
27
-4
-173
-285
-180
-98
-107
-102
-72
-195
-274
-292
-209
-214
-289
-355
-260
-199
-241
-257
-124
33
-19
-199
-243
-104
-39
-91
-137
-59
84
108
50
90
156
187
160
83
54
107
168
167
146
144
246
361
387
296
255
294
379
270
180
249
391
461
409
373
465
469
350
298
354
514
467
276
75
78
76
147
202
260
204
94
-78
-184
-204
-195
-97
-100
-256
-434
-475
-414
-324
-314
-348
-264
-242
-350
-472
-446
-311
-174
-218
-307
-241
-145
-134
-163
-170
-65
76
52
15
6
82
132
118
-2
-29
61
155
167
85
20
96
114
32
-59
-11
113
105
-138
-328
-301
-161
-146
-223
-238
-137
-103
-240
-379
-331
-174
-125
-259
-381
-336
-251
-217
-231
-193
-57
51
18
-80
-127
-38
48
24
-98
-90
40
137
115
51
114
288
308
198
96
170
276
237
62
46
185
313
293
247
293
440
455
345
294
368
478
501
398
221
193
259
350
413
416
435
453
329
105
-6
82
227
192
-25
-174
-174
-134
-245
-290
-230
-67
-100
-287
-450
-394
-288
-298
-446
-470
-370
-286
-333
-390
-299
-135
-83
-157
-223
-169
-55
-15
-95
-156
-114
-28
38
42
67
196
299
236
105
13
85
156
75
-96
-101
-16
30
-57
-112
-26
111
45
-125
-235
-200
-183
-281
-440
-432
-330
-272
-280
-275
-228
-126
-128
-204
-283
-293
-236
-187
-242
-297
-226
-88
-3
-5
-23
83
202
169
39
-28
65
137
64
-62
-2
163
251
205
174
246
352
290
174
123
201
279
281
207
212
305
389
408
392
414
514
553
430
222
164
272
378
318
213
277
385
333
134
29
129
232
111
-76
-154
-59
-79
-217
-383
-343
-247
-242
-345
-375
-284
-170
-220
-318
-395
-343
-289
-303
-373
-323
-200
-85
-76
-122
-125
5
65
30
-53
-17
110
159
44
-41
46
166
167
75
62
189
258
153
17
-25
21
-4
-137
-254
-206
-121
-106
-146
-182
-171
-139
-213
-306
-376
-355
-295
-275
-347
-366
-274
-164
-147
-209
-234
-120
-63
-129
-221
-177
-37
19
-87
-152
-46
88
101
42
39
144
209
133
49
58
159
204
162
81
121
207
265
252
222
237
322
317
254
184
251
377
429
328
297
410
536
504
337
276
387
431
329
218
273
411
387
178
34
77
121
47
-83
-124
-43
-19
-117
-206
-227
-182
-188
-299
-445
-455
-381
-311
-309
-339
-283
-147
-142
-229
-304
-227
-110
-112
-271
-291
-140
6
9
-33
26
197
218
95
9
76
166
142
15
-40
39
94
70
25
19
69
77
-15
-116
-174
-155
-148
-222
-363
-391
-317
-255
-282
-340
-302
-187
-190
-302
-393
-320
-219
-240
-380
-388
-248
-135
-147
-168
-97
57
72
-11
-74
-20
49
48
-34
-64
10
102
142
136
140
208
271
232
134
74
140
210
167
46
66
194
292
262
218
293
443
432
316
246
348
451
423
293
276
353
399
354
304
336
417
407
316
204
173
194
175
45
-80
-99
-58
-56
-139
-202
-144
-67
-128
-266
-360
-293
-244
-320
-477
-448
-316
-229
-277
-317
-222
-61
-83
-175
-235
-138
-60
-80
-184
-151
-23
78
91
82
119
234
250
166
53
37
88
105
-20
-125
-76
28
45
-41
-114
-51
1
-110
-281
-347
-261
-218
-326
-465
-412
-275
-228
-297
-334
-258
-150
-198
-296
-336
-241
-162
-170
-256
-237
-120
-17
-9
-37
-15
109
152
92
4
28
134
173
67
-13
66
193
219
147
122
236
317
241
120
109
222
273
186
80
140
272
325
290
278
364
482
466
399
363
427
456
405
258
221
285
345
317
263
242
334
319
219
68
52
69
32
-152
-281
-252
-171
-188
-266
-295
-198
-155
-234
-343
-348
-263
-236
-328
-426
-385
-278
-204
-205
-198
-109
11
16
-47
-86
-8
78
66
-49
-73
22
131
137
84
95
204
215
107
-25
-23
53
38
-124
-230
-181
-104
-126
-219
-246
-144
-133
-290
-380
-321
-237
-332
-422
-386
-289
-307
-393
-325
-139
-81
-215
-290
-62
7
-153
-268
-79
97
-42
-266
-101
229
233
-18
-16
243
352
20
-134
164
316
123
-116
131
378
225
-19
93
464
347
-45
19
375
467
97
38
446
602
288
70
380
740
525
153
332
658
520
102
125
530
472
38
-142
225
430
25
-229
91
389
39
-442
-249
166
-89
-582
-620
-135
-104
-578
-687
-125
178
-239
-588
-194
168
-152
-575
-447
64
-57
-484
-415
198
356
-86
-230
308
524
113
-242
36
410
97
-333
-168
367
301
-186
-204
363
341
-124
-417
-72
130
-336
-681
-378
49
-160
-606
-406
110
-71
-473
-581
-91
-78
-546
-728
-277
51
-232
-549
-115
321
55
-295
-209
300
137
-305
-351
166
312
-64
-248
310
530
180
-141
111
499
151
-253
-143
355
287
-111
-100
515
534
145
-79
355
587
169
-137
176
619
403
42
273
875
720
337
224
696
679
189
-47
352
589
204
-126
258
657
296
-115
-95
376
125
-378
-490
-2
41
-419
-642
-113
89
-340
-707
-437
12
-300
-660
-529
45
-28
-442
-440
201
206
-220
-481
-25
237
-143
-418
-63
447
219
-153
63
633
425
-10
-166
345
301
-179
-401
46
324
-50
-387
-11
364
-21
-456
-429
60
-192
-651
-733
-182
-86
-493
-659
-81
128
-260
-604
-339
80
-258
-614
-471
111
42
-332
-292
359
349
-52
-306
128
326
-96
-374
-41
426
178
-188
43
602
373
-36
-169
348
295
-162
-351
133
432
90
-186
266
683
356
-10
73
604
381
-25
-54
536
658
297
187
791
936
517
146
377
718
284
-125
-43
468
294
-146
-137
471
372
-70
-357
38
149
-354
-688
-429
-39
-348
-722
-477
70
-167
-518
-586
-36
-86
-504
-656
-150
124
-218
-465
13
384
32
-308
-173
366
143
-238
-245
333
394
4
-124
455
564
140
-209
47
344
-77
-464
-335
153
-42
-465
-420
165
40
-391
-620
-171
-66
-520
-800
-446
-38
-316
-650
-362
169
-82
-452
-489
64
13
-365
-488
34
274
-61
-282
180
482
121
-230
-93
372
108
-264
-248
299
298
-71
-149
431
492
76
-240
72
353
-20
-326
-101
424
284
-44
102
706
587
214
33
510
610
222
5
414
798
542
225
512
917
602
190
95
518
310
-126
-294
167
286
-82
-287
168
352
-84
-475
-358
6
-354
-770
-745
-212
-256
-615
-620
14
75
-292
-553
-168
109
-251
-528
-273
214
34
-289
-99
481
329
-19
-144
343
358
-59
-254
169
482
151
-138
219
591
215
-213
-242
206
-45
-526
-655
-149
-40
-430
-614
-87
126
-268
-621
-417
-15
-335
-701
-621
-81
-140
-498
-465
170
186
-169
-386
44
274
-117
-389
-93
367
130
-226
-2
553
333
-69
-204
301
281
-158
-359
97
397
52
-242
165
561
228
-142
-76
442
251
-139
-182
386
499
146
25
614
807
444
143
431
837
515
177
288
788
629
192
179
725
597
113
-181
199
321
-135
-456
-164
233
-73
-490
-299
191
-86
-518
-671
-194
-257
-683
-850
-355
-61
-362
-591
-112
286
-10
-318
-183
333
102
-279
-309
256
311
-63
-178
409
537
133
-179
129
492
127
-223
-78
434
246
-194
-206
333
155
-310
-598
-198
-101
-537
-798
-457
-47
-324
-637
-346
167
-107
-479
-546
-25
-122
-528
-647
-114
131
-208
-417
89
437
74
-266
-127
361
92
-295
-291
268
274
-124
-227
336
406
-6
-304
15
320
-59
-363
-153
372
209
-145
-20
580
439
41
-134
347
449
54
-148
279
697
438
178
539
1049
769
406
365
827
628
160
-9
450
540
101
-182
265
462
21
-352
-224
176
-184
-584
-579
-49
-109
-503
-585
-32
-44
-457
-726
-370
-97
-453
-693
-419
120
-22
-285
-74
527
365
-16
-165
304
334
-81
-288
96
412
85
-196
158
591
273
-99
-106
351
147
-281
-410
27
88
-344
-556
-99
62
-348
-677
-477
-113
-431
-742
-606
-51
-103
-456
-427
169
152
-237
-473
-78
120
-267
-527
-238
218
14
-291
-68
469
264
-106
-218
246
197
-225
-406
6
247
-97
-348
62
428
83
-252
-158
341
136
-227
-234
318
415
64
-43
522
689
311
27
303
680
365
84
260
800
707
369
452
1035
889
418
148
510
594
54
-303
-82
268
-73
-455
-241
261
42
-392
-582
-147
-97
-487
-743
-387
-105
-315
-583
-296
-6
-153
-332
-369
-41
-109
-220
-170
162
223
122
113
469
419
164
39
231
285
-64
-219
-117
245
83
-165
-121
286
250
-44
-265
-57
60
-139
-483
-458
-227
-243
-451
-542
-289
-276
-330
-435
-289
-217
-204
-272
-194
-106
-104
-93
32
34
-103
-148
-59
14
-90
-198
-157
33
23
-65
-59
137
211
30
-164
-114
24
-12
-142
-207
-83
33
-10
-35
47
137
144
107
52
85
210
263
270
239
287
417
503
481
396
434
534
596
448
422
564
703
684
508
446
542
551
379
116
37
3
-70
-247
-376
-300
-240
-268
-324
-371
-300
-209
-237
-295
-390
-352
-290
-270
-346
-370
-249
-107
-86
-142
-105
96
206
115
42
117
269
284
142
94
185
229
124
5
-40
64
52
-41
-129
-115
-51
-24
-95
-174
-182
-172
-182
-253
-325
-305
-239
-283
-384
-438
-352
-233
-241
-375
-353
-211
-92
-103
-146
-74
70
64
-47
-111
-50
7
-53
-211
-238
-158
-84
-75
-97
-75
23
69
28
-51
-64
-19
11
-81
-201
-163
-43
26
1
-40
72
228
233
144
122
253
350
280
154
214
366
452
398
377
475
631
619
526
492
572
640
626
457
373
390
405
341
178
65
52
32
-99
-285
-343
-273
-250
-363
-506
-459
-296
-238
-297
-354
-255
-124
-165
-267
-290
-189
-99
-157
-255
-180
-31
82
66
78
189
326
324
244
165
180
172
104
-47
-124
-110
-76
-81
-124
-136
-38
19
-41
-164
-210
-142
-119
-255
-401
-369
-272
-267
-351
-366
-231
-125
-199
-306
-301
-168
-118
-189
-261
-187
-69
-17
-28
-16
34
89
15
-96
-180
-171
-129
-134
-237
-262
-165
-29
15
-34
-49
62
98
2
-133
-125
-9
17
-104
-162
-26
151
202
159
174
308
398
332
260
279
379
425
383
312
381
492
566
551
521
555
662
672
595
434
402
454
409
220
34
14
25
-56
-217
-306
-215
-204
-357
-494
-457
-323
-257
-367
-416
-321
-222
-203
-224
-192
-99
-68
-112
-145
-124
-11
56
60
-4
21
138
241
249
191
176
255
219
79
-44
-21
29
-33
-227
-273
-155
-51
-95
-168
-140
-13
-25
-156
-246
-225
-165
-224
-361
-407
-321
-241
-241
-268
-248
-149
-68
-98
-168
-179
-106
-34
-51
-155
-136
-35
27
-28
-121
-96
16
-27
-169
-278
-192
-70
-92
-227
-225
-82
22
-21
-74
-32
93
84
-34
-99
-22
81
116
56
31
126
231
285
283
273
348
430
409
343
313
419
523
498
385
404
542
637
593
530
585
645
531
352
240
281
231
39
-205
-262
-218
-255
-363
-428
-406
-313
-316
-368
-372
-320
-250
-227
-299
-326
-255
-159
-125
-161
-164
-33
98
87
-7
-20
107
196
145
13
43
159
195
107
61
141
251
153
-29
-132
-79
-39
-130
-290
-312
-230
-173
-184
-205
-175
-79
-86
-173
-282
-305
-244
-220
-322
-429
-383
-240
-153
-174
-193
-74
63
36
-91
-129
-25
36
-75
-238
-209
-83
-37
-114
-165
-89
20
-35
-137
-185
-115
-61
-80
-174
-166
-80
9
29
14
29
133
181
128
27
31
139
214
141
68
167
336
406
356
343
476
584
511
389
388
515
570
477
373
445
582
610
477
389
416
454
330
82
-113
-157
-147
-240
-442
-505
-443
-347
-348
-398
-382
-232
-184
-256
-365
-327
-171
-98
-204
-299
-193
-10
51
1
-9
118
220
149
46
52
161
191
98
-12
26
114
139
78
1
-9
35
-19
-121
-223
-209
-146
-146
-260
-300
-224
-119
-123
-202
-221
-124
-111
-225
-353
-326
-215
-182
-288
-336
-221
-92
-71
-108
-97
11
57
-27
-114
-121
-51
-29
-102
-207
-194
-120
-71
-104
-141
-104
1
-8
-89
-156
-80
27
28
-86
-94
28
133
111
52
84
229
252
159
85
155
274
295
202
167
271
379
393
371
387
500
564
512
436
432
528
595
540
424
365
381
406
319
204
104
79
-23
-166
-304
-326
-292
-347
-501
-525
-405
-285
-284
-323
-278
-114
-74
-131
-191
-140
-68
-72
-130
-142
-42
40
54
48
75
182
249
197
97
61
127
170
80
-67
-81
-16
10
-62
-125
-73
9
-56
-189
-251
-162
-98
-170
-315
-306
-188
-114
-180
-240
-213
-96
-110
-208
-287
-248
-164
-154
-245
-275
-166
-50
-29
-76
-77
54
90
-62
-176
-135
-42
-126
-230
-221
-132
-135
-231
-186
-14
62
-72
-165
42
125
-12
-131
21
189
63
-152
6
325
336
87
74
323
450
146
3
309
493
331
120
370
636
497
254
363
742
647
259
319
669
756
305
118
461
560
165
-227
-104
160
-78
-491
-418
-119
-243
-624
-581
-139
-139
-513
-634
-244
21
-329
-523
-119
257
-37
-473
-174
344
151
-346
-373
172
275
-192
-324
228
546
121
-251
122
478
137
-337
-285
162
13
-485
-465
78
166
-314
-478
62
264
-199
-547
-257
136
-192
-665
-481
101
68
-430
-443
164
186
-252
-515
-119
176
-236
-560
-226
263
98
-331
-132
397
215
-204
-328
152
158
-349
-552
-99
238
-67
-394
43
490
202
-167
-96
422
250
-218
-277
268
441
61
-131
442
694
346
34
286
710
378
-14
104
638
596
200
203
832
874
491
259
675
916
488
110
275
665
403
-38
38
448
166
-271
-446
-51
-111
-594
-801
-367
-76
-386
-672
-234
235
-84
-428
-360
194
39
-405
-480
105
270
-119
-326
215
500
139
-199
23
439
124
-260
-175
362
258
-181
-224
353
309
-164
-464
-68
133
-320
-634
-319
195
-56
-468
-299
288
114
-314
-493
-14
-15
-446
-642
-210
86
-259
-555
-148
293
-21
-389
-334
176
-40
-441
-472
98
183
-250
-433
127
327
-111
-491
-267
142
-195
-547
-415
164
105
-269
-239
401
396
-7
-266
143
346
-63
-328
-24
432
200
-126
132
707
489
112
14
552
541
117
-37
449
753
417
157
611
1029
673
276
237
655
404
-65
-203
196
134
-272
-422
57
121
-324
-641
-379
-38
-405
-716
-564
-11
-121
-466
-354
272
227
-172
-413
51
254
-154
-441
-152
306
123
-180
93
610
365
7
-107
376
280
-189
-387
26
217
-160
-429
-10
306
-90
-441
-312
191
-50
-455
-484
54
117
-249
-387
140
225
-175
-469
-192
99
-288
-624
-455
76
-45
-386
-297
297
210
-172
-352
103
204
-247
-527
-193
197
-92
-445
-181
315
73
-292
-337
175
101
-276
-393
110
324
-13
-226
238
535
187
-144
-15
420
152
-195
-135
423
434
84
50
651
745
362
85
416
711
361
64
300
816
659
285
295
773
626
176
-102
178
104
-313
-569
-282
-32
-358
-624
-282
138
-147
-491
-491
17
-142
-518
-566
-44
137
-239
-426
124
415
55
-301
-146
308
64
-279
-211
322
296
-61
-97
469
465
28
-279
17
192
-242
-577
-350
92
-137
-463
-239
351
162
-250
-404
97
128
-335
-596
-210
108
-207
-497
-124
294
-24
-397
-374
148
-21
-431
-514
28
178
-180
-341
194
387
-26
-369
-159
233
-139
-542
-456
111
51
-336
-322
318
324
-52
-280
144
378
-51
-361
-82
405
187
-182
20
591
398
36
-76
451
463
56
-113
370
693
359
87
508
937
607
252
313
828
622
190
24
503
590
125
-116
281
332
-57
-417
-266
21
-364
-698
-570
-40
-147
-505
-468
166
100
-264
-454
-17
192
-246
-530
-176
312
61
-305
-74
523
335
-44
-167
329
306
-101
-306
139
369
-22
-319
50
367
-18
-396
-334
128
-134
-496
-498
62
101
-304
-414
192
311
-134
-486
-234
132
-247
-599
-459
83
-44
-413
-340
291
209
-186
-403
50
216
-192
-455
-142
252
-32
-352
-98
380
67
-325
-393
115
25
-377
-492
36
277
-63
-266
219
543
152
-197
-65
411
129
-263
-256
329
380
23
-48
553
658
279
5
327
642
275
-10
201
729
582
241
367
961
818
381
74
479
543
52
-285
-83
194
-87
-432
-230
157
-141
-492
-553
-84
-203
-550
-632
-139
25
-258
-406
78
341
-58
-361
-153
268
-43
-395
-329
261
267
-91
-121
463
506
95
-203
107
305
-121
-447
-278
162
-44
-405
-275
249
65
-286
-420
24
22
-394
-552
-145
138
-209
-507
-138
294
-52
-427
-408
76
-100
-483
-532
4
139
-222
-372
168
395
-2
-345
-167
194
-139
-489
-419
61
2
-347
-328
260
242
-146
-335
81
276
-117
-372
-93
347
105
-223
15
555
302
-94
-168
359
345
-81
-233
259
569
255
17
444
839
501
166
241
730
507
108
81
629
724
327
81
567
750
297
-99
-18
192
-151
-518
-492
-50
-197
-549
-503
75
23
-335
-527
-110
51
-320
-554
-255
205
-30
-403
-148
459
272
-143
-333
178
302
-32
-313
-2
372
227
-129
74
362
189
-91
-294
-34
-101
-278
-411
-181
-126
-183
-209
76
119
-141
-233
-37
55
-226
-451
-382
20
-84
-354
-390
31
78
-171
-386
-121
126
-45
-323
-283
60
110
-106
-217
30
81
-36
-242
-177
-109
-104
-212
-190
-91
-53
-52
67
120
37
-8
29
109
43
-54
-45
108
124
38
39
250
377
245
72
139
325
341
224
170
295
446
421
357
426
498
526
456
357
387
492
527
411
255
295
401
367
171
-104
-119
-25
-128
-432
-526
-390
-245
-298
-383
-329
-119
-43
-146
-218
-112
-21
-74
-192
-246
-90
29
-4
-50
-30
79
201
173
97
41
90
161
116
-21
-52
18
76
14
-127
-139
-33
-58
-196
-277
-178
-52
-81
-225
-247
-99
7
-100
-220
-249
-142
-110
-207
-291
-264
-187
-150
-207
-240
-170
-102
-74
-95
-118
-41
49
-3
-89
-146
-72
-2
-80
-248
-256
-148
-63
-123
-172
-99
53
85
3
-38
31
95
69
-56
-83
-6
50
48
25
59
189
252
216
157
181
277
329
251
147
188
316
378
347
300
396
544
533
414
368
479
572
485
222
165
326
352
179
-42
-116
60
1
-276
-451
-384
-256
-290
-471
-462
-308
-188
-205
-257
-163
14
25
-74
-162
-132
7
29
-111
-199
-123
53
119
38
10
135
281
217
43
0
87
110
-26
-229
-220
-105
-107
-212
-232
-119
26
-26
-141
-186
-115
-64
-123
-279
-317
-267
-193
-180
-229
-231
-127
-71
-118
-216
-210
-109
-69
-171
-278
-193
-40
-11
-90
-105
20
111
-7
-175
-213
-117
-86
-199
-310
-229
-91
-16
-7
13
90
170
126
48
-23
-7
28
25
-62
-77
32
174
222
198
204
337
401
320
187
202
320
370
260
171
280
431
482
439
416
524
600
519
406
275
289
368
252
44
-81
-97
15
-61
-259
-330
-228
-180
-314
-480
-387
-207
-165
-316
-364
-157
29
-27
-144
-128
59
123
-35
-172
-84
78
125
-5
-78
56
178
184
119
82
171
184
65
-56
-123
-67
-45
-149
-272
-238
-124
-47
-98
-151
-98
20
-1
-132
-240
-185
-129
-175
-335
-370
-252
-170
-200
-243
-193
-43
-30
-132
-193
-131
-29
-34
-155
-203
-126
-54
-56
-103
-119
-60
-21
-75
-159
-195
-130
-68
-83
-170
-148
-28
69
64
19
54
174
160
45
-43
39
160
167
38
38
188
314
297
243
270
405
411
309
235
290
400
433
357
328
406
500
532
492
442
387
422
392
194
28
-48
-36
-24
-262
-402
-341
-248
-260
-397
-373
-170
-156
-266
-355
-219
-15
-46
-241
-245
-87
19
-32
-118
-61
110
131
61
-2
61
169
173
91
13
26
93
72
8
-39
1
73
-4
-146
-192
-105
-30
-127
-306
-275
-147
-98
-173
-230
-135
-7
-83
-209
-270
-194
-152
-234
-352
-334
-238
-170
-174
-156
-84
16
37
-27
-94
-94
-58
-46
-150
-267
-244
-148
-91
-125
-168
-66
52
19
-95
-135
-22
57
-30
-153
-101
32
95
38
18
114
236
200
104
63
155
230
221
126
135
248
358
374
358
372
478
526
453
352
361
460
520
414
315
308
361
436
307
163
136
96
43
-128
-311
-285
-244
-301
-461
-486
-301
-194
-226
-272
-205
-10
-7
-159
-240
-135
-10
-15
-162
-179
-31
105
115
63
72
217
248
157
52
54
149
145
-21
-113
-48
49
29
-101
-131
-27
23
-85
-224
-227
-111
-92
-181
-281
-239
-142
-128
-179
-202
-167
-100
-153
-240
-287
-230
-148
-142
-236
-223
-118
-8
3
-57
-59
39
45
-59
-197
-183
-78
-56
-172
-258
-168
-33
-15
-71
-83
31
105
33
-55
-52
45
95
41
-44
3
107
178
161
133
192
310
303
224
156
240
362
362
243
227
347
467
453
396
424
559
592
491
396
389
385
416
275
104
53
3
20
-39
-196
-207
-184
-199
-302
-424
-305
-180
-234
-365
-383
-190
-50
-144
-226
-141
62
67
-91
-181
-41
90
63
-96
-104
54
149
107
66
100
229
214
73
-15
10
63
29
-141
-217
-146
-79
-80
-155
-170
-67
-24
-95
-209
-255
-187
-164
-249
-354
-344
-247
-196
-219
-227
-159
-46
-67
-152
-187
-114
-42
-60
-184
-195
-107
-26
-37
-98
-99
7
16
-70
-184
-171
-78
-56
-169
-224
-101
27
15
-51
9
155
142
5
-50
65
167
52
-56
35
225
160
50
160
380
419
241
182
436
497
281
159
367
557
426
184
377
719
652
382
241
483
570
131
-76
70
156
-61
-380
-226
-42
-227
-476
-408
-97
-154
-513
-475
-124
-52
-323
-421
-65
66
-217
-380
-120
187
-43
-342
-114
273
152
-222
-107
352
324
-100
-236
183
375
-49
-282
97
427
54
-424
-149
330
77
-445
-486
35
87
-441
-590
-56
229
-244
-617
-185
213
-156
-633
-481
62
-72
-582
-548
94
248
-228
-434
128
376
-68
-433
-156
270
-61
-545
-366
227
210
-306
-343
276
316
-120
-405
-15
258
-169
-507
-177
327
147
-294
-83
497
355
-56
-187
325
380
-83
-275
183
551
256
-71
353
808
520
149
210
727
554
100
38
579
745
353
134
601
791
459
63
193
474
35
-346
-351
26
-98
-519
-522
31
-18
-341
-559
-187
29
-394
-612
-336
55
-162
-486
-229
358
142
-231
-300
219
248
-203
-377
89
379
35
-250
160
622
261
-144
-93
411
201
-270
-384
155
246
-205
-424
95
331
-104
-477
-260
139
-228
-628
-540
35
-54
-509
-535
105
142
-297
-579
-156
120
-258
-543
-249
257
25
-364
-186
394
207
-222
-394
113
136
-293
-496
-67
253
-77
-373
11
439
100
-278
-248
274
80
-337
-383
184
320
-53
-220
341
558
160
-171
64
482
150
-192
-56
527
470
101
120
749
744
352
109
508
713
302
37
345
749
416
93
300
775
427
-105
-229
236
56
-489
-705
-218
31
-424
-674
-195
201
-186
-587
-442
109
-172
-605
-630
-13
99
-325
-450
162
367
-9
-324
-44
362
-4
-342
-197
351
263
-122
-91
516
454
43
-209
158
283
-158
-448
-177
193
-93
-433
-197
304
17
-389
-495
-29
-98
-518
-693
-248
-19
-341
-551
-111
238
-104
-426
-300
161
-79
-443
-452
74
113
-249
-336
210
308
-83
-361
-68
233
-148
-469
-295
211
57
-315
-223
362
266
-126
-319
135
260
-152
-382
-26
364
97
-213
89
595
338
-27
-63
463
399
17
-90
397
615
290
93
577
879
516
180
327
777
505
93
57
628
604
128
-43
420
478
23
-419
-189
70
-305
-663
-552
-24
-139
-525
-436
110
41
-310
-564
-136
-24
-377
-585
-240
140
-82
-334
2
449
179
-156
-185
303
179
-205
-284
223
381
34
-134
355
585
152
-209
-58
324
-22
-434
-395
145
71
-329
-364
206
204
-244
-531
-176
42
-394
-713
-463
49
-155
-497
-304
286
124
-258
-401
94
116
-320
-527
-97
256
-78
-372
9
453
131
-259
-265
244
60
-367
-467
60
212
-164
-341
207
453
74
-256
-64
356
48
-306
-232
317
271
-91
-82
529
528
153
-75
318
554
163
-104
172
645
436
105
318
890
689
324
212
709
694
205
-33
413
655
234
-144
171
575
156
-326
-354
108
-109
-571
-708
-141
-28
-436
-610
-66
185
-193
-549
-317
101
-205
-538
-445
112
50
-320
-286
330
310
-56
-285
136
349
-37
-287
-1
434
199
-135
83
599
320
-60
-174
286
216
-226
-418
3
218
-155
-432
-54
269
-139
-502
-424
19
-239
-615
-634
-83
-34
-407
-505
68
217
-176
-451
-161
174
-180
-471
-311
213
67
-290
-218
357
254
-147
-357
54
159
-239
-446
-119
275
10
-277
-1
474
195
-168
-230
251
151
-220
-321
141
358
37
-139
325
624
261
-43
94
530
272
-52
-7
531
556
229
189
746
817
427
174
469
723
311
-13
192
643
406
1
42
557
367
-128
-374
1
27
-426
-694
-338
15
-304
-592
-293
182
-83
-466
-505
-29
-149
-515
-606
-123
66
-241
-372
124
383
38
-244
-74
324
37
-262
-170
338
297
-44
-34
533
514
95
-139
189
376
-63
-369
-161
248
5
-351
-200
302
64
-361
-503
-73
-105
-547
-727
-332
-27
-343
-591
-207
210
-106
-427
-365
117
-77
-452
-476
36
153
-214
-343
182
376
-13
-303
-90
275
-75
-397
-284
219
130
-233
-197
392
357
-40
-252
131
319
-91
-332
-54
375
144
-168
67
602
369
-1
-87
403
384
-16
-145
309
600
278
54
474
860
507
176
256
737
498
83
32
549
583
145
-51
424
560
98
-281
-99
210
-185
-550
-481
36
-80
-471
-451
108
54
-333
-570
-190
-19
-413
-657
-369
99
-94
-453
-254
343
181
-186
-361
103
212
-97
-332
-11
357
238
-51
181
510
358
128
-30
226
127
-38
-141
90
98
-43
-111
147
163
-153
-297
-139
-41
-325
-528
-470
-86
-178
-428
-448
-30
17
-252
-493
-250
1
-162
-425
-396
-55
23
-146
-229
38
108
22
-139
-45
37
29
-93
-89
-5
29
28
127
167
73
26
62
135
66
-40
-43
105
132
44
18
197
321
194
15
63
229
247
132
68
192
338
307
245
320
411
432
343
244
265
365
403
334
282
312
396
411
318
183
158
170
116
-101
-180
-113
-45
-119
-215
-239
-119
-78
-193
-288
-268
-209
-228
-328
-380
-267
-178
-159
-185
-185
-116
-41
-56
-110
-154
-96
-17
-9
-80
-66
61
177
178
97
107
235
260
142
35
86
181
165
14
-45
55
125
39
-84
-138
-59
-69
-176
-271
-269
-215
-204
-290
-363
-319
-257
-235
-274
-324
-263
-148
-157
-224
-273
-191
-79
-98
-234
-240
-128
-36
-86
-146
-84
73
98
-1
-52
28
117
98
-38
-65
25
92
81
33
28
125
169
119
38
32
100
151
69
-46
-16
106
170
131
82
176
322
300
173
121
238
330
260
106
138
276
356
298
249
301
430
393
250
169
190
208
165
5
-64
-29
6
-18
-91
-122
-45
-17
-96
-220
-257
-174
-137
-248
-371
-346
-224
-168
-237
-276
-165
-38
-78
-195
-213
-94
-18
-93
-228
-183
-35
41
4
6
96
229
218
135
86
140
177
139
4
-48
-14
39
43
-8
-32
56
86
0
-137
-191
-135
-126
-278
-426
-381
-241
-197
-266
-283
-158
-43
-115
-240
-269
-168
-135
-232
-334
-263
-134
-63
-62
-46
40
137
105
19
-44
-20
30
28
-73
-100
-4
126
163
125
107
215
254
157
13
4
109
139
14
-73
24
166
199
133
111
213
282
194
90
71
157
204
161
82
138
251
328
314
283
317
407
389
281
182
215
304
288
115
40
124
207
152
19
-24
88
86
-63
-200
-175
-75
-83
-225
-302
-215
-121
-140
-213
-221
-135
-92
-162
-243
-257
-175
-122
-159
-252
-220
-114
-24
-29
-59
-10
136
152
57
-24
47
154
145
-11
-49
74
174
122
27
32
142
125
-27
-153
-130
-63
-99
-240
-312
-240
-170
-176
-217
-233
-168
-129
-197
-284
-319
-259
-199
-228
-327
-305
-178
-72
-83
-134
-88
47
44
-67
-152
-64
53
42
-91
-92
45
144
104
41
71
190
183
76
-4
39
117
120
28
-20
41
113
132
94
66
117
179
142
58
18
104
195
165
43
49
165
248
203
138
200
348
335
224
164
263
353
306
153
133
215
239
163
103
118
191
144
28
-56
-52
-17
-35
-143
-233
-227
-175
-156
-197
-238
-169
-87
-124
-234
-284
-196
-127
-208
-364
-347
-212
-136
-191
-219
-113
47
28
-75
-111
-1
74
28
-94
-87
20
87
76
56
86
181
182
90
-22
-56
-28
-29
-149
-268
-249
-153
-113
-175
-230
-146
-59
-128
-273
-325
-225
-156
-246
-385
-329
-183
-111
-154
-173
-76
51
8
-94
-139
-59
0
-26
-124
-114
-9
87
100
79
91
186
214
145
37
25
101
131
24
-77
-12
110
145
73
35
142
226
140
5
-23
91
146
60
-48
22
163
223
189
176
257
357
319
232
179
242
304
295
184
159
251
348
346
280
239
317
326
210
50
19
81
82
-74
-196
-126
-13
-17
-119
-159
-60
-7
-115
-252
-286
-202
-179
-265
-363
-314
-206
-157
-183
-199
-135
-37
-62
-143
-204
-139
-48
-34
-134
-147
-32
91
102
56
65
189
209
94
-35
-16
76
76
-75
-171
-99
-11
-33
-124
-167
-92
-61
-160
-271
-293
-215
-179
-241
-337
-296
-192
-127
-158
-190
-138
-27
-39
-130
-201
-128
-28
-32
-153
-165
-48
58
42
-19
10
147
169
63
-37
8
110
127
19
-45
35
127
124
64
45
127
169
98
4
-8
78
128
61
-45
-28
64
124
90
54
118
251
249
172
116
198
286
264
133
120
233
330
301
250
277
392
388
266
146
156
214
186
46
-47
-7
50
29
-46
-82
-15
25
-64
-187
-231
-165
-128
-214
-343
-332
-232
-176
-228
-282
-224
-110
-131
-230
-288
-197
-99
-114
-228
-220
-103
2
-12
-42
20
169
137
21
-3
111
136
1
-59
12
76
-1
-99
1
127
85
-136
-158
12
-60
-281
-342
-132
-61
-287
-430
-171
69
-64
-298
-205
37
4
-366
-327
-23
28
-237
-323
28
162
-66
-233
28
318
13
-280
-73
258
161
-228
-105
291
259
-121
-205
189
362
-10
-234
97
345
79
-242
17
383
160
-235
-211
254
258
-181
-201
291
480
56
-196
271
576
199
-176
42
529
346
-109
15
618
670
147
12
539
671
221
-131
162
499
125
-277
-53
455
286
-243
-199
334
268
-225
-431
-14
140
-324
-635
-244
179
-101
-544
-289
220
-12
-440
-515
-18
-16
-497
-627
-127
178
-147
-438
27
392
95
-243
-128
351
123
-306
-292
227
327
-68
-218
351
489
99
-213
26
330
-73
-465
-348
117
11
-402
-373
212
147
-235
-444
-25
126
-316
-584
-283
106
-130
-464
-223
301
86
-260
-317
176
123
-305
-450
-14
217
-107
-340
100
482
142
-172
-74
377
137
-255
-267
225
256
-125
-250
309
454
46
-239
20
361
-2
-322
-176
322
201
-164
-110
490
430
31
-167
257
412
16
-207
119
532
277
-36
220
753
509
120
33
519
452
33
-127
298
513
144
-128
249
561
168
-215
-174
241
-35
-411
-424
67
88
-298
-425
100
204
-207
-504
-245
57
-324
-620
-461
43
-81
-418
-342
238
161
-213
-402
29
158
-236
-434
-88
331
104
-181
79
575
326
-36
-131
307
189
-214
-350
63
245
-99
-319
95
375
-5
-348
-274
119
-183
-541
-527
-15
17
-329
-398
160
254
-121
-397
-124
149
-231
-515
-350
132
2
-327
-220
341
241
-99
-269
153
235
-158
-357
-37
309
60
-203
97
541
266
-71
-109
333
174
-221
-333
101
274
-51
-213
271
535
182
-117
31
435
139
-202
-163
334
330
-11
-36
531
590
235
4
336
577
194
-73
118
545
354
15
150
672
479
82
-79
334
328
-128
-359
-23
253
-78
-384
-75
322
-15
-392
-400
71
-94
-489
-573
-109
8
-357
-534
-48
175
-199
-499
-291
114
-180
-491
-394
133
91
-250
-232
352
365
-13
-239
135
358
-32
-285
-27
400
161
-194
-35
478
240
-185
-341
105
79
-368
-576
-184
105
-222
-502
-141
254
-69
-420
-404
67
-125
-496
-538
-27
93
-253
-384
134
314
-77
-380
-162
208
-130
-434
-303
247
189
-154
-115
474
430
28
-216
146
320
-102
-362
-87
351
114
-214
-6
524
298
-68
-186
290
253
-162
-323
104
393
90
-140
278
659
322
1
50
513
284
-78
-94
444
542
190
82
623
769
364
54
263
575
164
-200
-122
354
211
-188
-182
380
284
-132
-382
-24
106
-329
-607
-355
45
-204
-520
-293
210
-46
-396
-491
-18
-83
-474
-613
-166
88
-228
-441
14
394
68
-232
-132
348
121
-211
-226
294
344
-27
-138
403
504
94
-205
26
314
-86
-422
-323
140
-31
-414
-374
185
64
-331
-538
-132
-20
-421
-644
-338
53
-205
-499
-233
265
0
-337
-392
95
13
-343
-447
20
244
-76
-268
185
499
146
-164
-53
373
106
-219
-215
287
289
-64
-145
383
434
34
-234
44
304
-60
-317
-133
345
192
-130
-21
533
391
35
-114
327
405
27
-147
202
561
309
64
377
831
551
224
180
613
444
64
-46
363
465
84
-128
275
454
32
-295
-177
165
-178
-518
-480
5
-43
-399
-440
88
88
-310
-561
-256
-64
-453
-696
-462
-3
-163
-440
-243
310
156
-171
-263
207
231
-150
-299
92
402
123
-114
237
619
283
-72
-82
333
112
-272
-350
90
148
-236
-397
65
211
-211
-518
-329
2
-364
-692
-595
-101
-186
-530
-491
96
78
-295
-492
-115
74
-312
-519
-227
206
-9
-296
-53
483
265
-84
-158
318
273
-137
-278
140
399
62
-177
218
571
209
-139
-81
363
116
-261
-290
206
273
-88
-192
357
508
123
-129
139
491
144
-141
21
542
442
107
196
800
732
355
181
603
744
293
36
305
664
349
-28
152
596
272
-152
-269
163
52
-396
-553
-147
52
-319
-559
-158
137
-274
-617
-522
-88
-362
-715
-690
-144
-81
-410
-446
164
316
-44
-273
32
361
9
-249
-70
426
268
-83
2
563
431
49
-126
288
361
-89
-313
-23
321
-16
-379
-167
257
-96
-496
-595
-157
-304
-702
-800
-328
-104
-425
-609
-171
161
-156
-460
-399
47
-119
-470
-547
-48
100
-119
-243
199
325
157
-35
52
262
68
-66
-26
218
141
11
70
375
157
-29
-58
243
155
-109
-160
91
351
91
-78
128
485
292
6
-80
236
308
139
-51
197
452
466
291
412
660
645
544
460
594
577
467
292
315
309
246
202
269
156
14
-59
18
-10
-143
-272
-225
-156
-284
-425
-418
-245
-289
-526
-664
-507
-354
-387
-465
-411
-196
-100
-139
-106
31
93
44
-48
-108
-65
24
54
69
71
177
303
378
323
246
263
308
227
-47
-133
-86
-57
-158
-309
-309
-178
-184
-301
-398
-321
-279
-329
-465
-501
-409
-361
-381
-421
-417
-328
-255
-251
-272
-245
-143
-50
-58
-126
-87
49
125
73
-39
-1
119
102
-13
-56
60
177
135
7
43
179
211
100
-8
4
105
71
-9
-39
45
131
157
103
119
205
287
290
237
200
304
399
382
318
338
479
596
531
429
509
647
686
550
381
398
442
334
137
41
63
88
-13
-186
-165
-87
-51
-158
-279
-350
-314
-359
-476
-582
-574
-498
-437
-485
-494
-343
-162
-72
-105
-142
-19
84
37
-80
-77
63
146
57
13
146
324
370
299
262
323
357
224
75
14
42
-10
-121
-267
-251
-188
-164
-230
-309
-319
-273
-310
-420
-520
-508
-433
-441
-543
-561
-414
-247
-212
-271
-253
-94
-16
-93
-176
-114
11
43
-82
-145
-28
104
103
27
24
132
195
116
20
3
73
82
4
-114
-96
-11
61
46
-1
29
159
193
134
55
113
234
243
109
66
209
373
379
328
384
574
645
563
469
524
635
635
504
432
460
430
371
273
236
259
230
122
21
-64
-92
-105
-192
-353
-452
-445
-430
-462
-520
-493
-336
-314
-400
-473
-387
-257
-248
-372
-346
-192
-69
-67
-56
51
234
277
202
139
176
240
230
148
84
144
219
238
204
176
220
247
150
-17
-165
-201
-190
-283
-423
-424
-318
-252
-311
-402
-365
-252
-302
-458
-562
-482
-389
-385
-456
-385
-206
-100
-115
-130
-88
16
7
-67
-127
-104
-25
26
-11
-44
14
86
101
36
-32
17
99
57
-54
-103
-12
68
7
-130
-98
32
100
38
6
116
272
252
159
126
226
301
271
185
230
359
449
473
500
561
679
701
641
561
545
589
591
413
204
191
280
330
230
115
145
200
36
-228
-362
-292
-262
-416
-618
-582
-403
-331
-387
-411
-345
-250
-323
-435
-458
-321
-189
-138
-183
-157
-27
108
145
126
132
237
286
234
141
166
311
381
263
109
114
188
184
55
-27
62
138
9
-219
-293
-200
-148
-278
-464
-458
-374
-375
-462
-484
-382
-274
-332
-434
-472
-371
-264
-232
-298
-305
-231
-137
-119
-140
-118
39
117
53
-68
-57
69
120
-22
-155
-97
28
30
-59
-66
81
173
62
-82
-99
13
50
-42
-131
-61
48
103
88
112
208
323
314
245
200
258
353
386
297
283
394
534
568
528
539
680
734
639
485
472
432
355
181
69
196
262
191
69
-7
-24
-65
-210
-333
-368
-373
-419
-497
-566
-535
-443
-379
-406
-419
-387
-272
-222
-225
-244
-158
-62
-55
-158
-143
-10
163
202
164
196
317
346
249
164
193
271
254
103
20
92
159
141
59
9
13
-59
-179
-275
-296
-236
-240
-334
-485
-524
-468
-394
-374
-400
-361
-252
-260
-333
-398
-311
-188
-193
-325
-338
-191
-41
-27
-54
-20
105
96
-16
-92
-34
73
74
-42
-111
-50
34
52
30
24
97
139
74
-29
-58
16
87
50
-65
-36
95
207
205
160
225
357
346
258
213
342
473
459
340
349
485
596
575
543
580
699
681
505
247
225
305
356
299
139
127
145
56
-135
-245
-158
-70
-145
-386
-504
-425
-356
-434
-563
-531
-396
-327
-398
-430
-302
-106
-109
-211
-277
-157
1
20
-51
-11
127
212
167
112
166
338
382
304
202
191
238
235
103
20
70
133
89
-78
-207
-122
-36
-95
-239
-339
-299
-300
-434
-581
-504
-348
-311
-410
-489
-394
-229
-237
-306
-335
-241
-167
-204
-301
-263
-111
-13
-31
-65
-29
119
170
93
5
7
70
70
-48
-109
-24
96
97
6
-27
86
175
117
2
-4
96
142
52
-45
31
170
235
195
192
297
429
409
328
289
371
451
443
367
388
507
599
584
543
546
532
383
279
285
450
410
146
-6
-19
-52
-193
-233
-70
68
-102
-470
-512
-270
-321
-518
-565
-348
-262
-554
-714
-407
-38
-116
-338
-256
5
61
-276
-239
90
196
-42
-111
209
387
217
68
276
534
234
-61
149
446
333
-80
-16
283
158
-259
-321
92
230
-226
-532
-253
-47
-351
-669
-373
6
-287
-764
-751
-230
-145
-569
-594
-94
105
-343
-614
-114
260
-84
-477
-289
227
84
-360
-247
355
424
-91
-234
294
455
36
-302
-5
358
21
-334
-77
464
319
-188
-121
447
414
-51
-227
221
396
-48
-312
125
605
364
-41
259
808
599
189
136
671
705
217
86
566
886
548
166
413
749
491
237
322
578
212
-286
-355
62
157
-152
-310
134
44
-413
-630
-336
-29
-422
-799
-658
-220
-352
-701
-572
92
31
-331
-504
-33
201
-251
-504
-174
291
114
-199
43
617
416
38
-60
462
476
60
-141
216
430
68
-281
64
447
167
-186
-195
138
-154
-536
-602
-144
-89
-470
-628
-168
-64
-453
-664
-385
-49
-413
-714
-568
-57
-176
-499
-387
239
188
-223
-398
43
207
-206
-415
-57
384
122
-219
6
541
282
-134
-212
298
260
-164
-344
95
361
36
-219
184
555
210
-144
-86
387
183
-134
-123
404
492
159
60
590
735
387
152
434
778
418
140
306
796
681
203
134
769
761
445
93
271
314
-95
-350
-118
307
66
-335
-286
36
-146
-420
-547
-170
-315
-706
-807
-417
-190
-462
-595
-144
169
-140
-423
-259
155
-144
-452
-340
248
308
-64
-120
482
591
200
-38
297
589
166
-191
-45
452
247
-178
-121
465
371
-83
-359
-33
11
-433
-698
-388
-36
-329
-690
-464
-6
-219
-514
-557
-114
-237
-618
-709
-247
-40
-321
-465
12
292
-43
-296
-130
294
13
-296
-225
264
235
-136
-168
415
459
82
-147
175
396
-33
-322
-100
363
165
-184
-30
524
350
-42
-169
319
382
-37
-209
210
576
277
-9
353
844
570
236
262
779
638
240
164
692
805
233
-10
560
914
533
-14
-2
405
80
-340
-332
204
147
-362
-588
-60
43
-347
-701
-419
-202
-541
-805
-614
-130
-301
-594
-414
165
28
-312
-421
18
62
-266
-355
102
418
97
-122
260
675
359
45
72
518
271
-138
-191
280
305
-120
-260
292
439
-52
-474
-344
9
-364
-703
-600
-100
-233
-673
-688
-56
-24
-422
-683
-331
-118
-499
-742
-458
45
-127
-430
-217
353
184
-163
-295
174
192
-173
-346
33
316
8
-228
153
525
190
-115
-111
291
59
-305
-328
161
255
-89
-197
339
488
102
-164
103
462
122
-173
-36
486
402
79
159
798
779
416
232
617
773
382
139
421
715
294
66
360
942
557
-37
-177
309
168
-307
-472
-51
101
-401
-755
-257
140
-312
-707
-634
-176
-378
-774
-790
-241
-161
-483
-543
63
230
-126
-389
-148
234
-23
-247
-97
368
262
-27
39
597
518
179
-14
326
401
7
-218
7
255
-44
-277
-22
397
7
-445
-523
-95
-227
-587
-704
-308
-186
-575
-762
-234
83
-286
-592
-473
-28
-270
-582
-526
19
59
-262
-305
262
332
-59
-307
4
313
-33
-302
-137
311
145
-188
-91
450
308
-72
-243
161
216
-173
-370
-47
304
54
-185
111
519
234
-72
-61
412
293
-14
-61
413
577
277
177
686
925
577
303
474
844
534
236
300
659
435
145
229
826
690
49
-247
82
218
-261
-526
-288
62
-302
-718
-467
118
-161
-625
-750
-266
-222
-660
-833
-413
-62
-316
-506
-60
389
79
-257
-230
295
193
-126
-160
323
444
116
-20
476
669
292
-11
151
468
97
-252
-237
140
43
-269
-239
272
107
-378
-617
-294
-146
-539
-760
-511
-159
-446
-735
-435
119
-120
-475
-540
-32
-66
-479
-590
-122
184
-132
-340
114
501
124
-228
-156
345
107
-280
-325
173
234
-165
-292
258
421
9
-282
-50
304
-63
-377
-242
305
221
-137
-105
485
434
74
-90
349
544
170
-51
254
690
463
191
455
991
765
423
337
815
732
320
140
345
536
285
121
512
612
66
-246
-194
164
-139
-474
-526
-148
-255
-629
-637
-109
-90
-490
-717
-404
-87
-474
-725
-524
32
-51
-335
-188
420
323
-85
-254
249
428
33
-194
110
545
281
-44
207
708
410
16
-83
362
239
-219
-443
-58
142
-192
-475
-82
246
-190
-613
-631
-167
-262
-588
-753
-361
-192
-398
-568
-129
50
-90
-314
-287
-63
-187
-290
-261
18
-10
-78
-31
281
140
-86
-112
145
122
-143
-289
-88
165
-43
-261
-104
311
185
-98
-249
82
165
-51
-267
-61
231
225
39
116
385
378
243
175
363
442
418
308
379
461
511
544
702
718
608
545
602
590
447
145
133
370
414
280
72
106
131
-90
-299
-251
-94
-186
-461
-588
-435
-275
-364
-479
-373
-261
-234
-331
-409
-352
-253
-206
-177
-121
23
160
215
131
60
151
288
265
86
76
204
286
187
86
130
294
270
126
21
56
50
-82
-251
-331
-253
-167
-194
-226
-278
-286
-272
-328
-383
-378
-308
-270
-350
-448
-399
-215
-85
-120
-191
-141
-3
2
-136
-190
-91
25
-7
-144
-108
29
68
-36
-129
-78
55
25
-85
-169
-113
-50
-47
-128
-140
-55
17
13
-34
-55
70
162
151
100
115
252
347
265
155
224
376
446
383
363
474
605
566
465
469
577
623
531
377
362
383
209
126
175
275
353
141
-58
-146
-184
-203
-232
-283
-384
-437
-430
-404
-377
-427
-377
-260
-274
-348
-317
-207
-127
-242
-326
-192
7
105
59
55
134
227
198
119
121
184
208
162
21
-9
51
89
52
-31
-26
77
58
-67
-216
-212
-175
-246
-349
-391
-279
-192
-290
-391
-401
-243
-134
-201
-284
-265
-182
-169
-278
-329
-234
-107
-108
-171
-125
-6
70
0
-96
-95
-36
-12
-71
-201
-221
-187
-124
-112
-133
-87
23
36
-41
-136
-90
6
7
-129
-179
-50
108
126
91
147
335
412
321
223
266
375
373
247
190
313
443
481
471
484
584
656
587
507
457
469
463
301
-42
-71
130
322
303
18
-85
24
-57
-240
-380
-287
-179
-308
-553
-521
-309
-200
-272
-333
-255
-63
-4
-117
-179
-156
-66
2
-36
-15
122
206
192
123
108
200
259
181
61
15
69
96
31
-121
-128
-39
12
-16
-95
-94
-17
-95
-285
-417
-287
-138
-136
-301
-396
-293
-213
-256
-253
-198
-68
-69
-181
-239
-187
-97
-80
-162
-221
-159
-47
-7
-70
-131
-97
-6
-45
-151
-180
-99
-51
-143
-304
-267
-112
-20
-69
-113
-28
96
60
-58
-113
-4
85
62
-22
8
145
232
230
226
270
384
410
362
303
316
391
429
369
306
371
495
551
498
457
547
628
554
368
212
114
78
86
72
126
80
-27
-114
-211
-232
-130
-114
-210
-381
-415
-286
-204
-329
-406
-320
-190
-150
-129
-71
64
70
-36
-97
-37
130
253
181
27
16
128
191
104
6
93
211
119
-62
-85
40
50
-119
-285
-199
-49
-52
-143
-191
-187
-185
-227
-219
-170
-99
-116
-173
-280
-328
-263
-162
-140
-170
-206
-94
3
-37
-158
-192
-122
-77
-160
-250
-191
-81
-93
-197
-231
-112
12
-45
-170
-197
-103
-73
-156
-269
-221
-112
-51
-49
-22
73
175
152
75
20
82
176
200
101
59
149
277
302
257
262
407
474
397
280
307
434
456
303
222
337
496
538
475
471
557
580
442
175
-26
20
139
169
-5
-163
-131
-85
-199
-325
-281
-98
-118
-326
-450
-301
-145
-215
-387
-398
-235
-54
-3
1
43
132
137
56
-41
25
181
215
50
-76
17
141
116
-7
-30
101
130
27
-64
-84
-56
-101
-195
-268
-220
-132
-59
-124
-239
-225
-85
-51
-144
-292
-242
-119
-149
-300
-315
-186
-90
-155
-221
-137
48
54
-86
-228
-232
-145
-136
-228
-274
-208
-133
-117
-158
-165
-73
-20
-96
-197
-213
-108
-26
-89
-213
-188
-68
41
54
37
107
223
194
97
30
117
223
211
95
107
243
352
333
272
287
418
435
368
305
344
420
427
339
306
405
517
543
485
433
484
489
237
-56
-119
68
224
89
-198
-214
-115
-150
-295
-349
-212
-80
-206
-339
-296
-126
-81
-176
-322
-298
-118
30
83
100
109
195
192
88
13
71
171
167
27
-58
19
111
65
-55
-95
-14
63
14
-92
-117
-68
-78
-176
-282
-220
-87
-66
-171
-214
-116
29
-4
-154
-247
-169
-107
-139
-242
-245
-161
-130
-191
-216
-144
-3
12
-104
-234
-218
-138
-117
-217
-296
-238
-130
-109
-158
-161
-52
14
-71
-199
-199
-60
23
-52
-163
-119
14
87
51
38
116
229
201
114
61
141
214
188
55
72
218
304
255
213
317
436
359
248
251
414
441
299
238
401
520
381
316
470
628
533
275
184
233
63
-161
-118
136
89
-226
-410
-156
-5
-226
-424
-322
-61
-172
-480
-317
13
35
-326
-419
-24
150
-42
-138
166
421
137
-194
-14
320
195
-173
-96
278
207
-145
-239
111
237
-208
-425
-61
221
-58
-393
-122
234
-33
-463
-403
58
16
-448
-450
102
285
-214
-506
-48
227
-193
-576
-348
166
-40
-547
-447
153
191
-351
-487
34
184
-257
-564
-192
165
-198
-601
-348
202
98
-381
-305
280
215
-260
-446
9
222
-221
-494
-73
395
171
-247
18
528
309
-107
-175
334
341
-113
-250
209
491
160
-130
314
667
352
14
109
576
357
-52
-38
488
598
229
106
677
832
467
190
435
734
310
-159
-190
178
93
-207
-146
357
208
-213
-440
-96
5
-426
-675
-392
-5
-210
-460
-179
380
139
-266
-366
134
182
-153
-256
165
391
51
-213
172
526
171
-142
-68
345
99
-289
-310
148
126
-299
-435
127
307
-84
-359
-120
196
-168
-506
-417
38
-74
-392
-313
266
187
-237
-459
-90
34
-362
-558
-222
183
-85
-416
-185
318
57
-357
-453
19
-25
-398
-520
-80
151
-194
-443
-59
274
-57
-368
-261
175
-62
-396
-381
123
177
-168
-242
304
431
53
-210
63
364
-3
-290
-123
361
252
-69
25
588
480
78
-120
275
384
-7
-196
147
535
293
13
295
781
538
182
126
589
497
133
45
485
672
316
80
405
523
41
-300
-115
324
-3
-417
-427
27
-35
-460
-541
42
147
-228
-481
-160
154
-178
-458
-307
118
-50
-347
-144
488
402
49
-126
283
305
-156
-379
-29
332
47
-258
31
463
149
-226
-284
152
-19
-421
-505
-43
121
-243
-434
32
236
-197
-510
-310
174
-110
-482
-463
25
-17
-409
-460
133
203
-174
-421
-96
160
-232
-507
-316
117
-114
-473
-302
298
141
-240
-392
50
68
-385
-589
-186
185
-111
-394
-57
400
84
-268
-259
254
112
-274
-336
183
357
-4
-191
296
530
128
-187
-5
437
150
-183
-137
369
312
-63
-88
496
519
140
-91
276
529
146
-99
149
625
419
88
262
837
657
281
145
596
585
112
-192
70
304
-24
-258
102
499
137
-251
-327
71
-170
-566
-628
-116
42
-278
-408
110
352
-39
-357
-211
148
-173
-433
-285
302
280
-52
-42
505
423
-15
-256
89
286
-128
-387
-149
272
24
-316
-165
334
87
-283
-410
47
31
-362
-539
-193
44
-298
-527
-111
312
-1
-300
-276
146
-117
-508
-552
-43
56
-286
-385
161
340
-46
-338
-145
160
-231
-553
-455
69
-1
-328
-285
287
208
-204
-437
-75
91
-277
-490
-204
223
0
-293
-76
424
185
-143
-213
259
212
-156
-288
113
337
-1
-228
183
526
187
-117
-40
399
162
-173
-197
286
340
9
-59
495
630
266
23
285
595
250
-21
112
590
469
153
245
817
713
337
115
439
413
-80
-379
-107
258
4
-275
-20
408
85
-318
-426
-14
-138
-490
-581
-132
83
-203
-359
75
334
-54
-365
-237
197
-24
-281
-200
333
339
-36
-136
354
374
-38
-278
18
277
-92
-352
-183
228
7
-352
-255
264
93
-278
-396
26
59
-380
-594
-265
63
-219
-467
-137
307
16
-318
-336
111
-59
-435
-501
-41
102
-233
-358
142
368
-44
-361
-212
142
-198
-527
-442
88
55
-298
-311
236
224
-189
-427
-90
130
-257
-484
-223
243
43
-277
-101
431
218
-158
-269
203
221
-180
-332
56
358
39
-218
143
550
221
-100
-66
399
198
-167
-195
316
441
92
-23
510
713
322
45
248
613
255
-61
38
560
496
152
186
770
732
316
60
327
392
-114
-401
-138
297
62
-256
-61
429
129
-301
-453
-26
-75
-476
-608
-189
109
-180
-394
8
376
15
-304
-250
213
3
-327
-306
234
324
-49
-201
294
408
-21
-297
-63
291
-58
-346
-238
226
80
-303
-279
275
178
-212
-405
-38
91
-342
-566
-289
114
-141
-444
-207
301
37
-316
-386
83
7
-390
-522
-110
123
-212
-406
28
365
-11
-328
-255
159
-119
-469
-474
24
57
-309
-398
136
234
-172
-422
-165
144
-223
-483
-322
172
35
-288
-187
395
276
-110
-277
132
242
-158
-344
-23
363
104
-172
92
567
284
-46
-83
378
287
-87
-207
244
484
163
-90
331
703
377
31
44
474
339
21
-110
305
486
271
84
468
612
462
244
278
460
249
37
-42
118
32
-74
-21
300
170
-61
-128
50
-61
-358
-509
-281
-6
-180
-355
-177
224
108
-157
-295
24
73
-152
-366
-171
119
132
-29
54
283
229
49
-74
30
45
-1
-99
-9
59
63
53
138
75
-59
-120
-62
-49
-177
-280
-233
-113
-152
-251
-212
-17
5
-201
-341
-237
-118
-172
-287
-280
-119
-40
-127
-158
-67
-19
-41
-154
-223
-190
-121
-140
-189
-219
-159
-48
-22
-99
-175
-162
-88
-138
-300
-278
-158
-57
-111
-178
-122
57
82
-18
-93
-13
59
24
-92
-96
32
110
101
81
100
186
232
182
99
72
134
182
127
29
63
188
263
208
111
171
302
276
133
79
175
279
228
96
153
314
380
309
245
305
443
427
338
278
308
290
211
34
-33
8
51
61
12
-27
49
78
-26
-172
-238
-172
-119
-215
-331
-259
-116
-70
-141
-190
-92
24
-37
-147
-155
-27
75
38
-53
-4
101
129
67
-5
-1
100
110
49
-17
16
91
95
-69
-180
-147
-60
-64
-150
-190
-76
-8
-91
-244
-247
-139
-96
-234
-358
-284
-172
-149
-222
-220
-82
29
-51
-166
-190
-113
-83
-147
-264
-237
-153
-106
-141
-184
-150
-52
-54
-135
-225
-192
-109
-108
-241
-313
-227
-94
-78
-134
-128
28
99
5
-103
-67
52
86
-49
-141
-49
74
79
13
30
153
239
175
91
74
141
162
97
-21
-19
45
115
114
89
138
279
310
238
142
173
256
242
79
9
125
273
286
246
299
477
537
437
334
364
443
374
139
-12
-3
59
65
44
84
185
231
127
-23
-144
-174
-187
-257
-366
-342
-213
-82
-54
-80
-41
66
53
-66
-199
-156
-58
-44
-143
-114
64
207
196
117
103
179
147
16
-85
-53
35
50
-38
-111
-61
7
3
-60
-110
-70
-15
-63
-162
-225
-166
-100
-154
-293
-286
-170
-85
-127
-200
-142
-4
-23
-159
-243
-164
-88
-131
-279
-283
-158
-75
-115
-173
-157
-60
-71
-166
-241
-217
-141
-118
-199
-263
-202
-99
-48
-82
-129
-60
33
-9
-118
-163
-51
47
-5
-142
-111
34
111
44
-17
63
201
160
36
-29
55
124
76
-52
-41
67
143
138
116
137
225
228
153
79
95
177
227
163
93
158
280
334
290
233
314
408
352
223
183
306
402
332
186
185
248
227
87
10
50
155
110
-4
-54
-17
-6
-85
-231
-251
-195
-144
-152
-166
-153
-59
-22
-79
-157
-148
-54
-1
-96
-194
-105
47
120
76
40
150
232
126
-44
-85
35
106
27
-97
-48
50
44
-53
-110
-65
11
-53
-141
-174
-112
-55
-70
-185
-225
-194
-146
-154
-204
-212
-95
-29
-67
-164
-168
-81
-51
-192
-321
-265
-144
-120
-189
-198
-70
21
-70
-193
-218
-131
-118
-218
-325
-267
-168
-122
-138
-135
-65
18
-24
-106
-167
-126
-54
-44
-141
-172
-82
36
52
-3
-8
119
175
90
-39
-22
89
118
-19
-111
-19
108
118
50
44
165
235
149
56
59
148
178
114
26
73
164
223
208
195
245
342
333
255
174
217
299
302
182
153
270
411
426
355
312
358
298
113
-35
-10
95
124
-3
-80
-30
10
-59
-169
-190
-108
-65
-137
-212
-197
-104
-50
-105
-209
-181
-95
-36
-63
-95
-17
140
170
96
3
52
113
66
-116
-170
-52
61
48
-12
7
130
121
-13
-143
-140
-79
-102
-215
-271
-175
-65
-40
-67
-93
-36
-21
-113
-217
-254
-165
-88
-117
-212
-203
-117
-73
-126
-190
-141
-20
-38
-141
-217
-149
-77
-131
-280
-301
-197
-115
-160
-212
-178
-46
-32
-125
-205
-171
-88
-81
-183
-235
-148
-27
16
-21
-45
37
112
50
-63
-98
-3
75
18
-105
-76
42
110
56
-3
61
180
145
26
-36
59
159
142
19
13
115
187
156
113
142
268
292
218
139
162
240
256
151
90
159
274
300
247
215
307
385
328
222
204
312
373
279
107
69
121
120
40
-10
55
179
134
10
-80
-46
-16
-87
-237
-264
-173
-93
-97
-119
-84
43
73
-24
-123
-108
-27
6
-96
-144
-44
90
122
54
6
85
145
63
-64
-84
25
84
-7
-143
-112
-10
24
-52
-109
-33
71
-34
-138
-119
-3
-47
-182
-212
-138
-124
-238
-253
-76
39
-49
-238
-113
26
-122
-338
-293
-74
-104
-360
-356
-27
109
-126
-282
-110
84
-118
-444
-244
13
-52
-345
-260
88
56
-225
-284
75
186
-227
-346
-21
234
-44
-326
-30
275
67
-289
-171
264
245
-162
-176
236
311
-72
-241
170
365
4
-297
-58
368
150
-234
-41
446
386
-117
-143
402
450
-18
-240
171
482
91
-245
115
631
404
-99
44
576
467
4
-140
326
441
-11
-202
258
640
298
-69
273
713
405
-109
-137
288
182
-301
-370
180
402
-15
-309
124
360
-40
-381
-247
177
-88
-510
-406
119
174
-227
-319
247
309
-81
-336
-5
305
-74
-395
-197
247
107
-285
-176
395
273
-75
-226
179
226
-234
-468
-155
174
-80
-400
-102
369
109
-209
-240
207
54
-390
-521
-111
56
-246
-433
14
289
-61
-354
-231
147
-143
-484
-445
19
-4
-356
-421
132
215
-164
-390
-108
155
-200
-472
-293
128
-46
-380
-277
286
161
-198
-331
86
153
-252
-443
-110
214
-66
-339
-40
434
162
-194
-221
237
110
-256
-338
113
283
-43
-220
234
506
129
-191
-54
345
72
-245
-189
320
315
-28
-71
474
523
128
-132
171
427
63
-183
19
453
275
-40
80
603
438
67
-70
359
383
-25
-186
178
501
215
-43
289
736
448
93
22
407
189
-209
-272
188
322
-32
-221
227
432
33
-284
-129
245
-100
-450
-397
95
64
-278
-283
267
272
-108
-329
8
224
-168
-400
-165
260
36
-304
-122
445
281
-86
-229
208
189
-261
-459
-95
223
-74
-331
15
418
106
-222
-220
217
-10
-412
-486
-27
78
-269
-407
100
282
-126
-424
-238
146
-186
-494
-412
77
-2
-374
-377
209
191
-173
-381
-25
165
-256
-512
-274
140
-95
-432
-243
298
92
-257
-359
117
98
-315
-481
-97
197
-102
-341
38
414
67
-249
-195
282
80
-277
-308
191
267
-111
-258
260
439
45
-230
11
395
57
-257
-161
342
255
-104
-95
480
439
62
-146
224
388
-8
-234
38
459
222
-84
122
623
374
15
-75
395
343
-54
-192
229
496
191
-28
368
724
371
49
48
378
46
-321
-276
282
358
-23
-179
282
358
-91
-393
-149
216
-125
-432
-343
126
31
-281
-224
308
195
-169
-330
59
183
-212
-399
-108
259
-19
-295
-9
514
264
-108
-227
187
73
-325
-447
-19
219
-91
-290
109
403
36
-270
-199
197
-84
-413
-400
103
133
-219
-312
188
257
-121
-358
-90
175
-215
-513
-403
37
-104
-408
-287
266
134
-239
-415
-28
39
-364
-567
-256
105
-148
-410
-128
330
51
-290
-354
84
-15
-359
-456
-40
136
-173
-338
108
380
47
-216
-89
293
9
-299
-273
199
185
-144
-172
372
413
41
-198
88
313
-58
-305
-120
333
180
-122
6
527
364
18
-110
311
349
-24
-192
137
434
147
-111
195
602
314
10
4
422
236
-120
-185
266
395
65
-80
387
595
224
-41
146
521
229
-47
15
402
241
-161
-136
481
512
111
-157
101
234
-173
-402
-136
303
83
-269
-153
317
128
-185
-265
146
77
-343
-464
-43
245
-57
-297
46
391
42
-259
-162
313
104
-284
-360
91
186
-134
-228
276
405
-10
-310
-117
217
-121
-394
-270
203
79
-278
-245
309
230
-175
-387
-13
139
-270
-501
-246
137
-128
-443
-225
283
26
-339
-432
31
-36
-450
-581
-152
107
-214
-432
-28
321
-47
-379
-326
117
-131
-464
-461
43
104
-262
-364
173
302
-88
-336
-83
231
-156
-444
-293
221
103
-235
-158
429
334
-63
-266
118
234
-186
-387
-77
326
69
-228
23
523
245
-92
-140
332
231
-168
-281
157
388
42
-162
276
596
215
-94
-1
437
152
-190
-177
331
354
-19
-106
442
532
134
-100
181
473
83
-190
-32
461
315
-1
103
626
396
-65
-211
282
433
-10
-280
-51
260
-55
-317
7
511
184
-219
-322
111
-4
-345
-405
35
189
-193
-362
110
401
2
-291
-153
260
-33
-337
-274
232
190
-210
-273
293
379
4
-223
40
240
-170
-407
-196
277
93
-241
-147
356
157
-204
-318
108
127
-302
-473
-130
203
-91
-359
-75
328
-13
-355
-366
90
-66
-410
-498
-92
28
-297
-418
65
283
-120
-402
-257
102
-206
-481
-400
84
16
-334
-351
204
266
-97
-373
-140
121
-168
-457
-326
118
69
-182
-162
260
179
16
-170
41
61
-129
-214
-54
104
-4
-79
146
330
51
-60
8
255
-18
-188
-179
179
231
-38
-106
228
421
153
-72
14
301
227
-7
-126
138
248
156
-11
205
314
258
119
117
178
146
95
72
169
158
141
223
319
207
132
187
327
262
104
9
119
185
115
70
199
347
207
-53
-115
58
122
21
-104
-88
26
1
-65
-24
56
44
-41
-132
-164
-103
-65
-75
-106
-118
-24
67
100
-9
-74
-40
50
-37
-170
-108
15
54
-39
-109
19
166
123
-30
-95
-8
3
-75
-198
-145
-38
-18
-60
-92
-65
11
-6
-78
-159
-172
-137
-121
-212
-295
-264
-130
-68
-106
-219
-171
-111
-179
-283
-259
-118
-56
-183
-325
-232
-68
-33
-108
-178
-125
-50
-96
-144
-133
-64
-37
-82
-160
-143
-65
-13
-40
-107
-115
12
69
13
-82
-61
37
77
-62
-131
-42
65
38
-59
-46
110
201
114
4
26
114
138
32
-53
9
78
97
72
63
144
231
207
111
53
103
174
156
11
-26
63
155
154
99
118
247
250
128
21
94
214
197
21
-35
70
194
188
145
169
297
320
221
116
121
186
220
152
73
89
140
146
82
55
125
207
144
4
-91
-19
61
26
-120
-142
-65
11
-50
-122
-76
73
62
-73
-162
-83
24
-11
-176
-213
-107
-18
-50
-92
-44
75
87
15
-45
-13
45
32
-82
-172
-143
-67
-19
-55
-102
-42
40
-10
-118
-192
-128
-96
-193
-353
-341
-225
-149
-200
-226
-149
-26
-57
-169
-244
-183
-128
-183
-306
-309
-207
-129
-116
-113
-67
40
44
-23
-101
-117
-69
-49
-122
-199
-155
-35
37
9
-43
27
123
72
-61
-136
-45
28
-51
-185
-134
11
85
26
-20
54
167
105
-19
-80
-12
51
26
-71
-66
26
109
118
89
82
154
175
106
-4
-17
88
160
65
-44
16
163
221
128
51
140
243
159
13
-15
110
172
81
-51
11
155
198
145
119
185
282
241
159
122
183
227
175
55
62
172
244
204
118
88
195
232
157
28
6
70
90
-41
-141
-57
71
67
-40
-85
27
91
-24
-157
-170
-63
-31
-134
-247
-185
-74
-16
-45
-63
-21
61
19
-58
-114
-60
18
30
-84
-141
-63
47
60
-10
-43
58
75
-59
-216
-217
-84
-37
-176
-284
-204
-87
-90
-171
-193
-86
-39
-154
-263
-255
-148
-96
-150
-241
-199
-110
-63
-83
-118
-97
-9
-16
-75
-145
-91
10
26
-105
-162
-75
34
18
-77
-93
54
104
-6
-117
-73
48
57
-87
-168
-72
22
2
-53
-47
62
119
51
-15
-14
56
91
36
-67
-54
25
94
81
37
76
206
216
128
29
79
167
145
-24
-78
29
139
97
23
54
216
243
124
26
75
167
145
10
-58
22
92
103
89
107
193
251
197
131
105
158
194
118
-22
-28
97
201
173
88
104
227
228
107
-11
32
101
57
-108
-139
-33
51
3
-62
-32
104
98
-31
-137
-108
-33
-37
-142
-197
-144
-73
-41
-55
-56
3
61
12
-87
-144
-68
7
-41
-175
-168
-53
31
-18
-85
-30
101
56
-115
-217
-133
-38
-85
-256
-288
-182
-118
-155
-189
-154
-56
-73
-164
-230
-197
-128
-115
-205
-272
-215
-113
-74
-108
-140
-59
40
3
-111
-162
-79
-11
-75
-208
-163
-21
46
-19
-72
6
128
81
-41
-105
-28
31
-17
-135
-131
-32
34
23
-4
20
114
118
42
-51
-47
26
61
-25
-92
-18
105
140
78
37
133
219
145
14
-16
93
149
52
-74
-18
120
171
112
74
135
236
178
79
30
94
143
110
-5
-13
79
157
153
115
113
216
248
174
76
81
157
184
72
-12
67
176
181
102
69
178
250
160
25
-13
63
101
19
-98
-61
35
65
2
-46
-3
80
38
-55
-115
-62
-12
-42
-164
-184
-92
6
-8
-77
-86
32
69
-16
-132
-109
-3
18
-107
-185
-98
17
19
-51
-70
14
49
-34
-127
-133
-61
-53
-148
-259
-226
-120
-64
-104
-155
-121
-28
-50
-139
-213
-161
-88
-105
-233
-262
-157
-44
-46
-110
-106
17
42
-52
-158
-117
-13
-3
-136
-206
-114
3
14
-39
-41
61
111
24
-77
-86
3
44
-28
-138
-105
-9
47
10
-26
46
153
68
-37
-38
79
64
-42
-61
26
70
-16
-43
109
222
151
-29
81
223
109
-86
-33
175
153
-81
-144
195
301
102
-63
115
318
130
-209
-24
227
159
-129
-57
274
257
-22
-76
284
393
-8
-158
130
364
96
-175
102
385
161
-207
-121
296
283
-124
-158
219
292
-77
-255
129
307
-54
-359
-147
252
23
-372
-194
282
225
-276
-314
202
241
-228
-458
-64
249
-138
-486
-141
374
166
-324
-193
324
220
-244
-403
47
172
-264
-450
-13
358
-5
-396
-73
371
95
-359
-345
120
36
-436
-511
18
224
-183
-443
30
307
-62
-404
-261
169
-90
-516
-429
91
153
-242
-320
229
294
-84
-336
-28
241
-151
-463
-260
192
78
-293
-169
387
258
-104
-243
172
238
-193
-409
-79
256
0
-306
1
458
201
-122
-140
313
180
-238
-332
98
261
-64
-262
187
473
139
-140
3
399
122
-226
-188
272
249
-105
-158
388
463
75
-152
139
386
11
-277
-86
344
164
-172
-57
498
361
-22
-159
257
330
-77
-274
60
384
97
-194
89
546
282
-68
-101
324
179
-197
-268
191
340
-28
-230
219
500
119
-210
-82
306
5
-342
-288
211
183
-193
-245
292
335
-72
-332
-22
229
-145
-405
-196
247
71
-263
-137
389
223
-156
-296
129
149
-268
-437
-72
248
-52
-328
-21
388
78
-265
-258
193
8
-392
-466
2
154
-188
-359
85
299
-73
-364
-200
165
-152
-467
-398
76
34
-298
-290
259
265
-117
-335
-12
184
-211
-448
-210
212
13
-308
-133
394
229
-130
-262
153
146
-259
-419
-64
227
-63
-303
47
423
134
-179
-158
267
72
-287
-341
93
200
-118
-234
238
400
43
-213
-4
335
17
-282
-201
246
171
-163
-135
400
358
-8
-193
161
337
-48
-290
-59
311
102
-201
-8
471
272
-66
-150
274
238
-139
-277
83
309
8
-217
150
476
158
-134
-50
365
140
-231
-236
232
297
-71
-204
270
411
45
-211
30
346
16
-287
-157
290
184
-172
-152
336
260
-113
-295
63
192
-166
-378
-108
237
10
-271
-60
354
114
-239
-297
114
55
-294
-378
20
208
-103
-304
67
335
4
-316
-225
163
-41
-354
-346
94
131
-180
-259
198
265
-98
-356
-121
127
-179
-435
-270
137
29
-259
-167
286
163
-186
-336
19
74
-287
-456
-142
171
-45
-279
-7
364
110
-211
-230
159
36
-318
-384
33
200
-78
-221
185
399
76
-206
-79
239
-20
-322
-260
176
172
-124
-134
336
354
11
-188
90
272
-72
-313
-109
267
112
-174
-22
426
281
-60
-156
223
234
-139
-302
31
294
46
-187
120
466
204
-112
-82
298
153
-191
-246
153
262
-39
-161
258
421
100
-148
38
340
64
-232
-137
269
211
-104
-85
384
365
12
-158
161
317
-37
-271
-43
299
118
-179
-13
402
218
-128
-196
186
176
-183
-304
45
251
-26
-250
68
350
61
-245
-171
193
17
-318
-321
84
146
-172
-285
131
243
-90
-323
-96
169
-118
-395
-256
138
55
-263
-220
214
148
-194
-332
7
125
-212
-404
-132
172
-26
-293
-89
282
74
-252
-267
117
69
-270
-348
22
190
-88
-273
74
312
12
-272
-144
195
4
-299
-240
173
194
-123
-186
231
291
-53
-269
-10
211
-79
-319
-118
256
138
-162
-67
345
236
-114
-216
141
199
-147
-303
16
286
63
-181
73
402
156
-176
-151
224
129
-221
-262
135
268
-16
-166
205
390
75
-202
-31
269
45
-264
-163
239
229
-81
-93
330
346
-10
-196
87
255
-63
-291
-49
298
156
-135
6
399
265
-83
-162
187
206
-133
-258
86
307
69
-161
122
406
133
-191
-129
212
80
-266
-268
120
206
-104
-227
150
278
-56
-305
-100
162
-96
-396
-263
124
71
-246
-232
166
146
-205
-357
-44
93
-227
-437
-175
133
-30
-302
-128
232
71
-255
-283
70
58
-279
-371
-16
173
-77
-272
29
273
17
-273
-162
161
6
-308
-265
122
170
-125
-208
170
262
-57
-276
-36
192
-63
-322
-144
215
136
-158
-98
283
222
-114
-229
94
189
-114
-284
-1
260
70
-176
30
346
157
-157
-138
199
138
-191
-244
123
266
3
-167
143
338
70
-200
-58
226
42
-258
-176
202
219
-69
-115
260
312
-4
-191
57
241
-15
-259
-63
277
187
-94
-35
341
297
-36
-168
106
207
-32
-210
-2
226
144
-66
62
273
169
-29
-70
104
72
-94
-105
88
122
-3
-37
136
181
-22
-156
-1
101
-71
-228
-143
99
65
-129
-128
93
126
-73
-207
-78
38
-91
-238
-172
-4
-1
-109
-122
-1
6
-87
-128
-60
-75
-136
-155
-71
-26
-67
-86
7
35
-68
-124
-59
17
-58
-162
-123
4
12
-62
-75
26
66
-20
-108
-59
-4
-24
-70
-53
-14
5
10
27
47
20
-9
-12
-28
-37
-45
-10
10
-4
-8
39
73
46
16
19
38
19
-31
-2
25
-9
-13
-3
42
18
-24
2
64
50
-3
-18
22
21
-26
-37
8
22
-6
-9
37
57
22
14
55
58
-8
-21
28
62
24
0
31
63
38
14
59
90
70
43
59
78
43
8
36
60
34
6
40
79
70
43
67
103
71
3
-3
30
18
-20
-13
30
50
34
27
53
42
2
-6
7
-20
-68
-72
-18
-14
-53
-49
-7
3
-43
-66
-34
-29
-75
-115
-77
-45
-77
-90
-51
-13
-41
-79
-52
-19
-48
-114
-105
-60
-72
-116
-102
-34
-13
-61
-64
-5
9
-45
-85
-50
-13
-45
-81
-49
-2
-9
-36
-23
10
4
-36
-38
-7
-4
-31
-29
3
22
11
2
11
1
-18
-26
-17
-10
-15
-15
-2
6
-1
-11
-15
-10
-6
-9
-15
-15
-2
17
20
16
13
19
10
-12
-20
-2
11
-13
-24
4
33
24
4
15
38
25
-6
-8
24
26
1
10
46
65
46
45
70
74
42
18
38
47
17
-3
32
71
58
38
66
100
82
36
31
60
53
8
2
45
57
30
33
79
110
76
33
36
44
19
-15
-2
24
14
-12
1
37
39
12
1
14
16
-16
-30
-18
-5
-12
-20
-9
4
-10
-23
-21
-13
-20
-43
-51
-46
-43
-45
-32
-17
-11
-16
-20
-11
-4
-10
-26
-37
-39
-50
-67
-67
-51
-36
-37
-35
-29
-17
-19
-31
-24
-15
-26
-46
-49
-29
-19
-23
-27
-18
-9
-26
-36
-23
-8
-23
-48
-42
-24
-21
-33
-32
-8
0
-15
-18
3
13
-6
-17
-6
0
-18
-31
-19
-5
-12
-29
-13
12
5
-18
-14
5
8
-16
-19
10
25
7
-4
15
29
17
2
9
19
7
-19
-14
7
11
-1
4
28
38
19
16
29
31
16
0
5
11
0
-12
2
25
22
7
13
28
30
9
4
12
13
-2
-15
-5
16
23
17
26
39
32
11
-5
-2
5
-11
-20
-7
5
9
7
14
27
20
1
-5
1
4
-8
-12
2
16
4
2
12
31
20
-11
-17
-11
-23
-51
-51
-22
-13
-32
-39
-12
14
-2
-24
-23
-11
-31
-62
-52
-17
-8
-28
-25
1
7
-9
-23
-15
-17
-55
-77
-61
-38
-42
-48
-25
2
-5
-28
-22
-3
-12
-48
-60
-45
-39
-51
-48
-17
1
-20
-33
-23
-3
-16
-43
-41
-29
-33
-43
-31
4
20
12
7
15
19
-6
-24
-25
-24
-39
-52
-32
1
18
18
21
31
27
6
-5
-2
4
-12
-24
-11
5
4
-2
10
28
26
4
-10
-11
-17
-32
-35
-24
-9
-15
-12
6
26
19
-3
-5
-3
-11
-34
-39
-18
-4
-12
-15
4
22
15
8
16
26
6
-18
-15
-2
6
-6
-3
15
24
20
24
35
25
-6
-24
-16
-8
-14
-16
4
28
27
15
27
40
29
1
-10
-3
-6
-22
-25
-9
6
1
-6
10
23
19
1
-1
3
-6
-25
-31
-19
-9
-5
-2
12
17
6
-7
-8
-10
-19
-30
-25
-18
-19
-27
-17
-3
1
-7
-13
-13
-14
-23
-28
-21
-13
-16
-22
-12
-3
-1
-12
-14
-11
-12
-19
-23
-16
-11
-10
-5
6
15
15
8
12
14
8
-4
-4
6
4
-6
-7
3
10
5
1
7
13
10
6
10
12
9
1
9
19
15
4
2
9
14
-2
-12
-13
-9
-7
-11
-5
-2
-4
-12
-6
9
13
8
7
11
16
10
9
9
6
-2
-8
1
1
-4
-4
8
14
9
4
7
10
11
4
-1
4
7
7
10
18
16
12
6
7
7
4
-2
-5
-2
-3
-3
0
9
15
13
10
13
14
13
7
7
6
6
2
1
2
-4
-8
-10
-6
-6
-11
-14
-8
-1
-2
-7
-8
-3
3
-2
-2
3
1
-3
-6
1
9
7
2
0
1
-4
-13
-20
-23
-19
-21
-17
-12
-8
-9
-3
4
9
2
-4
-6
-13
-22
-28
-25
-21
-17
-15
-9
1
-4
-8
-12
-11
-16
-26
-29
-22
-13
-6
-5
2
1
1
-4
-8
-17
-26
-26
-23
-17
-18
-18
-13
-9
-9
-8
-10
-10
-20
-26
-27
-22
-20
-21
-16
-10
-4
-7
-10
-6
-3
-6
-13
-18
-19
-24
-24
-12
2
6
5
4
8
7
-1
-5
-4
-5
-13
-14
-10
-4
-2
-3
-3
4
-1
-8
-13
-15
-16
-19
-17
-10
-6
-8
-10
-3
3
-1
-6
-11
-13
-16
-15
-11
-5
-4
-10
-4
4
7
-2
-5
-2
-2
-6
-10
-6
6
4
5
9
16
16
9
7
7
4
-3
-11
-8
-3
-4
-6
-1
9
5
1
0
8
4
-2
-5
-8
1
3
2
7
5
1
-4
-2
7
3
2
0
12
19
13
13
14
19
14
9
6
3
-3
-12
-10
-2
-1
-6
-12
-11
-10
-11
-10
-11
-14
-19
-14
-9
-6
-9
-11
-4
3
0
-3
-7
-7
-8
-16
-18
-10
-8
-3
-5
11
21
6
-3
-5
-13
-7
-3
-6
3
10
9
20
16
12
-1
-12
-7
-8
-17
-18
-22
-18
-14
-15
-8
0
-9
-11
-13
-11
-11
-25
-32
-27
-21
-20
-21
-17
-7
-12
-11
-8
-8
-7
-11
-12
-7
-9
-10
-6
-4
-2
-8
-8
-3
5
10
8
7
10
1
-8
-10
-7
-6
-7
-4
-6
-7
-13
-16
-9
-5
-4
-5
-5
1
-2
-1
-1
-2
-2
-4
0
6
8
1
1
4
5
-1
-4
-2
5
1
-1
-1
7
13
12
14
15
13
2
-2
1
5
4
0
-1
3
1
1
1
1
-7
-18
-23
-23
-16
-14
-12
-11
-9
-15
-15
-12
-9
-12
-16
-17
-12
-11
-11
-8
-6
-2
-8
-12
-12
-7
-11
-8
-6
-4
-9
-10
-5
2
12
17
15
14
13
4
4
6
8
5
-1
3
8
6
-1
-3
1
6
2
-3
-2
1
-1
1
2
7
8
3
2
2
1
1
-1
2
1
-1
2
3
4
4
6
7
13
12
10
7
7
6
0
-5
-3
-3
1
0
5
8
10
10
6
4
2
-6
-12
-12
-12
-7
1
10
18
19
14
12
10
7
3
-1
4
3
4
10
14
14
14
12
10
4
-2
-5
-1
2
2
4
8
16
16
15
13
14
11
9
5
-3
-6
-6
-4
2
4
3
6
7
9
8
12
13
14
5
-3
-2
3
6
8
7
13
13
8
3
1
3
-4
-9
-13
-7
-1
7
14
16
14
8
-1
-4
-8
-13
-14
-8
0
-2
-6
-10
-14
-21
-26
-29
-29
-29
-26
-22
-14
-15
-14
-15
-13
-8
-12
-15
-18
-17
-15
-13
-9
-5
-4
-3
2
2
-2
-6
-10
-6
-3
-7
-6
1
7
8
7
9
9
3
-7
-11
-15
-21
-27
-34
-28
-26
-25
-19
-11
-4
-7
-13
-21
-24
-28
-30
-30
-23
-18
-11
-5
3
-3
-9
-15
-19
-17
-22
-19
-15
-10
-8
-8
-7
-5
-6
-8
-7
-2
-1
-4
-7
-4
1
-5
-6
-10
-9
-10
-15
-17
-18
-18
-20
-22
-20
-21
-22
-19
-12
-7
-8
-9
-13
-14
-16
-19
-20
-22
-25
-24
-20
-16
-13
-14
-16
-11
-8
-11
-11
-12
-9
-6
-1
8
9
7
7
7
5
-1
-7
-10
-11
-9
-13
-12
-15
-19
-23
-25
-22
-18
-16
-17
-18
-21
-22
-20
-15
-9
-9
-11
-14
-11
-8
-9
-11
-11
-7
-5
-4
-5
-1
5
10
12
11
7
2
4
5
5
4
6
4
4
3
3
1
0
-1
-3
-4
-6
-12
-17
-14
-11
-7
-4
-2
-4
-2
0
-2
-2
-1
4
11
11
12
7
4
1
-5
-10
-14
-10
-7
-6
-4
-2
-2
-4
-7
-8
-11
-14
-14
-12
-11
-6
-5
-6
-8
-10
-8
-10
-15
-18
-17
-11
-9
-5
-5
-4
-1
-3
-1
2
2
4
2
-2
-2
-1
0
2
4
5
1
-4
-6
-6
-6
-7
-3
-1
1
-2
-6
-6
-4
-6
-3
-2
-5
-10
-15
-15
-13
-12
-10
-6
-5
-2
-3
-5
-5
-4
-6
-4
-4
-7
-7
-2
2
2
2
4
4
2
-8
-14
-15
-14
-10
-6
-1
1
-2
-8
-13
-12
-11
-13
-13
-10
-4
-2
3
7
10
13
11
13
16
11
4
-1
-6
-10
-16
-20
-17
-9
-2
5
12
14
14
8
2
-3
-8
-10
-11
-7
1
3
4
1
2
1
-7
-9
-9
-9
-9
-6
-5
0
2
2
3
-2
-3
-6
-9
-12
-20
-20
-20
-17
-10
-6
1
2
3
1
1
-1
-3
-7
-8
-8
-7
-2
5
9
9
14
13
14
12
7
4
-1
0
-2
1
7
11
18
16
11
8
4
2
-1
1
1
2
5
6
7
7
6
4
2
1
-1
-5
-6
-3
-4
-4
-6
-6
-2
-1
-1
-1
2
2
4
6
9
12
11
8
5
4
3
2
2
1
6
9
10
7
2
-2
-3
-4
-6
-5
0
4
3
-4
-7
-8
-7
-5
-6
-5
-2
2
-1
-6
-11
-12
-9
-12
-17
-17
-13
-4
6
14
14
18
19
13
9
3
2
0
1
-1
0
1
-3
-8
-10
-8
-2
2
1
-2
-5
-6
-8
-7
-7
-3
-2
-1
1
-4
-6
-10
-10
-9
-10
-9
-8
-9
-11
-12
-10
-8
-5
-6
-8
-9
-13
-17
-20
-19
-18
-13
-10
-8
-10
-13
-13
-14
-16
-19
-18
-17
-15
-11
-7
-7
-10
-16
-22
-23
-21
-23
-21
-17
-12
-9
-8
-9
-8
-10
-12
-11
-9
-6
-8
-10
-12
-13
-13
-14
-13
-12
-8
-4
-5
-8
-9
-10
-11
-11
-11
-11
-10
-9
-10
-11
-11
-9
-8
-9
-13
-16
-16
-15
-17
-18
-13
-11
-9
-8
-6
-7
-7
-10
-9
-10
-15
-17
-17
-15
-9
-7
-5
-5
-4
-5
-2
4
5
2
-2
-2
-3
-4
-7
-7
-4
1
1
-1
-4
-9
-15
-19
-17
-15
-11
-11
-10
-10
-5
-6
-6
-3
-3
-2
-5
-10
-15
-18
-23
-25
-21
-16
-12
-9
-8
-11
-12
-16
-13
-8
-5
1
4
7
9
6
3
5
8
6
4
4
2
-5
-5
-3
-3
-4
-4
-3
-1
4
4
2
1
-1
-2
-4
-7
-6
-5
-1
6
6
2
-4
-3
-3
-5
-5
-4
-1
4
1
2
3
3
2
0
1
3
6
2
3
5
4
-2
-4
-2
-3
-3
-5
-4
-5
-8
-5
-1
3
3
2
5
3
-4
-8
-7
-4
1
-1
-1
2
6
1
-2
1
2
-1
-4
-4
-2
5
4
3
5
1
2
6
11
14
15
15
11
3
-6
-13
-14
-12
-14
-14
-8
-1
1
0
0
3
2
-3
-6
-8
-5
-5
-6
-5
-7
-8
-9
-6
-4
-5
-10
-15
-12
-10
-11
-9
-3
1
3
5
6
4
0
-3
0
2
-4
-6
-7
-4
-1
3
1
3
5
2
1
2
2
-2
-6
-7
-3
-3
-1
4
14
20
16
8
1
-5
-7
-5
-2
-1
-1
-1
4
4
-1
-3
0
7
7
2
-2
-4
-9
-16
-18
-14
-12
-8
-5
0
3
0
-6
-9
-5
-3
-5
-3
-2
1
1
5
10
13
11
9
7
2
-3
-7
-6
2
4
3
7
10
12
10
7
3
2
-4
-11
-11
-12
-9
-4
2
4
2
-2
-4
-1
-1
-4
-4
-2
1
-1
-3
-2
-4
-4
-3
2
7
6
1
-2
-1
-4
-10
-11
-8
-3
3
3
2
1
-1
-4
-5
-5
-6
-7
-6
-2
1
3
4
5
5
-1
-2
-1
1
2
2
8
13
12
10
10
10
3
-6
-10
-9
-10
-11
-10
-8
-4
-1
-5
-8
-9
-10
-11
-11
-8
-7
-10
-11
-11
-10
-14
-17
-17
-19
-18
-17
-12
-9
-9
-8
-7
-3
-5
-6
-8
-6
-6
-11
-17
-20
